7.626613747316209058e-02
7.574398526460533743e-02
7.492290516723276728e-02
7.380613761972990017e-02
7.239809000789927673e-02
7.070431927066457567e-02
6.873150996929962286e-02
6.648744790643192071e-02
6.398098939893576143e-02
6.122202632598056776e-02
5.822144709017470360e-02
5.499109364587333876e-02
5.154371476424107756e-02
4.789291571951106302e-02
4.405310459500658832e-02
4.003943542083170104e-02
3.586774836764084623e-02
3.155450723251648770e-02
2.711673446366983514e-02
2.257194398039360367e-02
1.793807205339669267e-02
1.323340651830514497e-02
8.476514601692495404e-03
3.686169644478018686e-03
-1.118722988116772378e-03
-5.919200517653025809e-03
-1.069631759014389588e-02
-1.543122104495733664e-02
-2.010522431987259856e-02
-2.469988119864679338e-02
-2.919705861004253875e-02
-3.357900819101133222e-02
-3.782843633160431346e-02
-4.192857242517460808e-02
-4.586323505451755239e-02
-4.961689585274189213e-02
-5.317474078684128469e-02
-5.652272862210688809e-02
-5.964764633664814547e-02
-6.253716126732530856e-02
-6.517986978129665376e-02
-6.756534228109538354e-02
-6.968416436562158145e-02
-7.152797398460422618e-02
-7.308949443990214734e-02
-7.436256310340148834e-02
-7.534215573817359957e-02
-7.602440632690769806e-02
-7.640662232936559772e-02
-7.648729530864248338e-02
-7.626610688429802387e-02
-7.574392998886267381e-02
-7.492282542276029744e-02
-7.380603372124371064e-02
-7.239796236544056296e-02
-7.070416838798150583e-02
-6.873133644185912272e-02
-6.648725241906977557e-02
-6.398077272315380593e-02
-6.122178931690194781e-02
-5.822119068316904122e-02
-5.499081885286526833e-02
-5.154342266971664865e-02
-4.789260747623769882e-02
-4.405278141948366921e-02
-4.003909858848955783e-02
-3.586739920780726565e-02
-3.155414712317034659e-02
-2.711636482600283254e-02
-2.257156627320155290e-02
-1.793768776732222042e-02
-1.323301716995482422e-02
-8.476121727651428350e-03
-3.685774795245662892e-03
1.119118254245760405e-03
5.919594640738686311e-03
1.069670901475735202e-02
1.543160822631937587e-02
2.010560572995024470e-02
2.470025533218376743e-02
2.919742399049985587e-02
3.357936337639449292e-02
3.782877992015429292e-02
4.192890306089987890e-02
4.586355143254567529e-02
4.961719672446925078e-02
5.317502496486072039e-02
5.652299498489390256e-02
5.964789383298705477e-02
6.253738892045790365e-02
6.518007669277708915e-02
6.756552763433590347e-02
6.968432742911510880e-02
7.152811411481163617e-02
7.308961108379165295e-02
7.436265580063147751e-02
7.534222412290920989e-02
7.602445012926480061e-02
7.640664137647568133e-02
7.648728952533510872e-02
7.626607629339733629e-02
7.574387471109737813e-02
7.492274567628716408e-02
7.380592982078662545e-02
7.239783472104854845e-02
7.070401750341033520e-02
6.873116291258321575e-02
6.648705692993213401e-02
6.398055604566331434e-02
6.122155230618851057e-02
5.822093427460871273e-02
5.499054405838883081e-02
5.154313057381592483e-02
4.789229923168552422e-02
4.405245824278450351e-02
4.003876175507836699e-02
3.586705004701598587e-02
3.155378701298164335e-02
2.711599518761178759e-02
2.257118856540681756e-02
1.793730348076881531e-02
1.323262782125119233e-02
8.475728853384075293e-03
3.685379945914939604e-03
-1.119513520344812309e-03
-5.919988763666224167e-03
-1.069710043908512348e-02
-1.543199540726930205e-02
-2.010598713949098351e-02
-2.470062946506115450e-02
-2.919778937017749459e-02
-3.357971856088097506e-02
-3.782912350769410126e-02
-4.192923369550552448e-02
-4.586386780934911811e-02
-4.961749759487167621e-02
-5.317530914146018778e-02
-5.652326134617149944e-02
-5.964814132773306465e-02
-6.253761657192044576e-02
-6.518028360251684750e-02
-6.756571298577196405e-02
-6.968449049074776358e-02
-7.152825424310890745e-02
-7.308972772572941423e-02
-7.436274849587580504e-02
-7.534229250563305447e-02
-7.602449392959186036e-02
-7.640666042154553583e-02
-7.648728373998524288e-02
-7.626604570046001397e-02
-7.574381943130928385e-02
-7.492266592781315904e-02
-7.380582591835860296e-02
-7.239770707472324707e-02
-7.070386661695110542e-02
-6.873098938147190196e-02
-6.648686143901903767e-02
-6.398033936646431441e-02
-6.122131529384019361e-02
-5.822067786449363486e-02
-5.499026926244388741e-02
-5.154283847653871181e-02
-4.789199098585440739e-02
-4.405213506490891773e-02
-4.003842492059790648e-02
-3.586670088526688893e-02
-3.155342690195032246e-02
-2.711562554849664478e-02
-2.257081085700936643e-02
-1.793691919373645305e-02
-1.323223847219424584e-02
-8.475335978890453578e-03
-3.684985096485876143e-03
1.119908786413884288e-03
5.920382886435577793e-03
1.069749186312713221e-02
1.543238258780701977e-02
2.010636854849469010e-02
2.470100359727881584e-02
2.919815474907529879e-02
3.358007374447061211e-02
3.782946709422359971e-02
4.192956432899134361e-02
4.586418418492763105e-02
4.961779846394891863e-02
5.317559331663947869e-02
5.652352770593955383e-02
5.964838882088610572e-02
6.253784422171286550e-02
6.518049051051597043e-02
6.756589833540375956e-02
6.968465355051942089e-02
7.152839436949592899e-02
7.308984436571513976e-02
7.436284118913398522e-02
7.534236088634459205e-02
7.602453772788844710e-02
7.640667946457470328e-02
7.648727795259259443e-02
7.626601510548580709e-02
7.574376414949830771e-02
7.492258617733821291e-02
7.380572201395939336e-02
7.239757942646429800e-02
7.070371572860341403e-02
6.873081584852484827e-02
6.648666594633016735e-02
6.398012268555645921e-02
6.122107827985672629e-02
5.822042145282353004e-02
5.498999446503021610e-02
5.154254637788487775e-02
4.789168273874410547e-02
4.405181188585667595e-02
4.003808808504804445e-02
3.586635172255975973e-02
3.155306679007616188e-02
2.711525590865717511e-02
2.257043314800896011e-02
1.793653490622487690e-02
1.323184912278373669e-02
8.474943104170313407e-03
3.684590246958233985e-03
-1.120304052453207277e-03
-5.920777009046972704e-03
-1.069788328688359678e-02
-1.543276976793272331e-02
-2.010674995696153794e-02
-2.470137772883688326e-02
-2.919852012719340376e-02
-3.358042892716350120e-02
-3.782981067974284378e-02
-4.192989496135741956e-02
-4.586450055928135289e-02
-4.961809933170115150e-02
-5.317587749039873884e-02
-5.652379406419816982e-02
-5.964863631244622655e-02
-6.253807186983516286e-02
-6.518069741677433304e-02
-6.756608368323106795e-02
-6.968481660843005299e-02
-7.152853449397263141e-02
-7.308996100374887117e-02
-7.436293388040615682e-02
-7.534242926504386428e-02
-7.602458152415447756e-02
-7.640669850556308651e-02
-7.648727216315701072e-02
-7.626598450847461852e-02
-7.574370886566436645e-02
-7.492250642486220080e-02
-7.380561810758896890e-02
-7.239745177627178452e-02
-7.070356483836746919e-02
-6.873064231374227673e-02
-6.648647045186567572e-02
-6.397990600293992913e-02
-6.122084126423826128e-02
-5.822016503959855788e-02
-5.498971966614792789e-02
-5.154225427785450592e-02
-4.789137449035481969e-02
-4.405148870562802799e-02
-4.003775124842894051e-02
-3.586600255889482725e-02
-3.155270667735937673e-02
-2.711488626809359370e-02
-2.257005543840583106e-02
-1.793615061823432277e-02
-1.323145977301989386e-02
-8.474550229223876824e-03
-3.684195397332232138e-03
1.120699318462566171e-03
5.921171131500198997e-03
1.069827471035430903e-02
1.543315694764623228e-02
2.010713136489136743e-02
2.470175185973523535e-02
2.919888550453170195e-02
3.358078410895955906e-02
3.783015426425178490e-02
4.193022559260368987e-02
4.586481693241017954e-02
4.961840019812821523e-02
5.317616166273782252e-02
5.652406042094714617e-02
5.964888380241328142e-02
6.253829951628719908e-02
6.518090432129187983e-02
6.756626902925386147e-02
6.968497966447964598e-02
7.152867461653915349e-02
7.309007763983070560e-02
7.436302656969247249e-02
7.534249764173127362e-02
7.602462531839047910e-02
7.640671754451131004e-02
7.648726637167919951e-02
