2.342296377669307941e-02
2.433130920915265935e-02
2.514362976427564345e-02
2.585671957340150706e-02
2.646776438757789465e-02
2.697435268415206491e-02
2.737448518398042166e-02
2.766658274169579018e-02
2.784949257789330959e-02
2.792249282863899090e-02
2.788529539434629959e-02
2.773804707677728076e-02
2.748132899968123641e-02
2.711615431535716741e-02
2.664396420619141725e-02
2.606662219695045010e-02
2.538640680027583890e-02
2.460600252440617655e-02
2.372848927861471655e-02
2.275733021817452628e-02
2.169635807682183254e-02
2.054976004065730416e-02
1.932206122318102029e-02
1.801810680667811915e-02
1.664304292043497502e-02
1.520229633125116941e-02
1.370155302639973482e-02
1.214673577355926577e-02
1.054398074627889773e-02
8.899613307224982228e-03
7.220123044782357676e-03
5.512138161529539504e-03
3.782399315665287837e-03
2.037733018622695305e-03
2.850246938587033905e-04
-1.468808496856002788e-03
-3.216844952404133377e-03
-4.952185948809061274e-03
-6.667982865436175230e-03
-8.357464213458580884e-03
-1.001396235991777045e-02
-1.163093984191134085e-02
-1.320201516705719717e-02
-1.472098799841141392e-02
-1.618186362444595100e-02
-1.757887661751414421e-02
-1.890651358743450014e-02
-2.015953494039441837e-02
-2.133299555730130276e-02
-2.242226430997259004e-02
-2.342304233814297004e-02
-2.433138001515773585e-02
-2.514369253539605262e-02
-2.585677406190749553e-02
-2.646781037842750595e-02
-2.697438999583983907e-02
-2.737451366925369028e-02
-2.766660228813582964e-02
-2.784950310835898266e-02
-2.792249430157123236e-02
-2.788528780393209963e-02
-2.773803045297263542e-02
-2.748130340809290875e-02
-2.711611985698381480e-02
-2.664392101702493451e-02
-2.606657044743932242e-02
-2.538634669465239524e-02
-2.460593429988063713e-02
-2.372841320443901114e-02
-2.275724659457964427e-02
-2.169626723383300676e-02
-2.054966233679148685e-02
-1.932195704403198711e-02
-1.801799656339472117e-02
-1.664292704809852697e-02
-1.520217528715834751e-02
-1.370142728825784161e-02
-1.214660583760093608e-02
-1.054384712530368091e-02
-8.899476528575558237e-03
-7.219983648263344177e-03
-5.511996697277124838e-03
-3.782256341976080599e-03
-2.037589099750385709e-03
-2.848803977871972753e-04
1.468952600654161323e-03
3.216988295215217342e-03
4.952327964922624733e-03
6.668122994377652553e-03
8.357601902201233085e-03
1.001409706506525658e-02
1.163107103184223348e-02
1.320214232402307404e-02
1.472111062058017311e-02
1.618198122788231871e-02
1.757898873808957235e-02
1.890661978265882615e-02
2.015963479116223214e-02
2.133308866954596386e-02
2.242235031622138650e-02
2.342312089896739571e-02
2.433145082051310290e-02
2.514375530584505095e-02
2.585682854972302935e-02
2.646785636857036661e-02
2.697442730680733175e-02
2.737454215379597766e-02
2.766662183383706772e-02
2.784951363808096936e-02
2.792249577375784109e-02
2.788528021277325228e-02
2.773801382842726315e-02
2.748127781577072715e-02
2.711608539788635391e-02
2.664387782714696534e-02
2.606651869723210571e-02
2.538628658835103205e-02
2.460586607469804343e-02
2.372833712962967023e-02
2.275716297037707128e-02
2.169617639026479722e-02
2.054956463237687936e-02
1.932185286436694654e-02
1.801788631963014559e-02
1.664281117531762194e-02
1.520205424265953786e-02
1.370130154975003796e-02
1.214647590131821657e-02
1.054371350404688205e-02
8.899339749688466722e-03
7.219844251551510092e-03
5.511855232877496333e-03
3.782113368185853041e-03
2.037445180823644827e-03
2.847361017080659662e-04
-1.469096704413108386e-03
-3.217131637940408209e-03
-4.952469980903946752e-03
-6.668263123141070919e-03
-8.357739590720721784e-03
-1.001423176994534724e-02
-1.163120222146254816e-02
-1.320226948063641520e-02
-1.472123324235582835e-02
-1.618209883088657722e-02
-1.757910085819557044e-02
-1.890672597737826435e-02
-2.015973464139169877e-02
-2.133318178122091749e-02
-2.242243632187137722e-02
-2.342319945916630786e-02
-2.433152162521869458e-02
-2.514381807562259680e-02
-2.585688303684805997e-02
-2.646790235800638297e-02
-2.697446461705445275e-02
-2.737457063760721440e-02
-2.766664137879945931e-02
-2.784952416705923500e-02
-2.792249724519877199e-02
-2.788527262086971242e-02
-2.773799720314115008e-02
-2.748125222271466730e-02
-2.711605093806476394e-02
-2.664383463655746465e-02
-2.606646694632877570e-02
-2.538622648137173893e-02
-2.460579784885832608e-02
-2.372826105418663484e-02
-2.275707934556672751e-02
-2.169608554611717269e-02
-2.054946692741349903e-02
-1.932174868418591596e-02
-1.801777607538440629e-02
-1.664269530209227035e-02
-1.520193319775476823e-02
-1.370117581087635684e-02
-1.214634596471114714e-02
-1.054357988250853237e-02
-8.899202970563744111e-03
-7.219704854646900524e-03
-5.511713768330707766e-03
-3.781970394294658939e-03
-2.037301261842531207e-03
-2.845918056213673597e-04
1.469240808132786730e-03
3.217274980579647864e-03
4.952611996752977891e-03
6.668403251726371349e-03
8.357877279016970654e-03
1.001436647455795047e-02
1.163133341077219642e-02
1.320239663689713218e-02
1.472135586373829810e-02
1.618221643345862243e-02
1.757921297783203440e-02
1.890683217159273496e-02
2.015983449108274539e-02
2.133327489232613242e-02
2.242252232692255182e-02
2.342327801873969259e-02
2.433159242927452823e-02
2.514388084472867629e-02
2.585693752328259085e-02
2.646794834673558972e-02
2.697450192658123677e-02
2.737459912068743173e-02
2.766666092302303565e-02
2.784953469529380388e-02
2.792249871589406324e-02
2.788526502822154599e-02
2.773798057711433437e-02
2.748122662892473617e-02
2.711601647751904140e-02
2.664379144525643589e-02
2.606641519472934626e-02
2.538616637371449158e-02
2.460572962236151628e-02
2.372818497810996394e-02
2.275699572014869276e-02
2.169599470139015746e-02
2.054936922190132506e-02
1.932164450348888840e-02
1.801766583065748592e-02
1.664257942842246180e-02
1.520181215244401085e-02
1.370105007163676010e-02
1.214621602777968615e-02
1.054344626068859543e-02
8.899066191201338363e-03
7.219565457549456493e-03
5.511572303636698422e-03
3.781827420302435409e-03
2.037157342806979361e-03
2.844475095270388430e-04
-1.469384911813258155e-03
-3.217418323133002227e-03
-4.952754012469781468e-03
-6.668543380133630169e-03
-8.358014967090054287e-03
-1.001450117890314954e-02
-1.163146459977125978e-02
-1.320252379280530998e-02
-1.472147848472766564e-02
-1.618233403559856884e-02
-1.757932509699910995e-02
-1.890693836530234900e-02
-2.015993434023546568e-02
-2.133336800286167109e-02
-2.242260833137494497e-02
-2.342335657768754992e-02
-2.433166323268055528e-02
-2.514394361316325821e-02
-2.585699200902658382e-02
-2.646799433475794175e-02
-2.697453923538764217e-02
-2.737462760303659148e-02
-2.766668046650776203e-02
-2.784954522278463088e-02
-2.792250018584364543e-02
-2.788525743482865582e-02
-2.773796395034672235e-02
-2.748120103440087475e-02
-2.711598201624917590e-02
-2.664374825324386867e-02
-2.606636344243380699e-02
-2.538610626537930737e-02
-2.460566139520759671e-02
-2.372810890139961243e-02
-2.275691209412291499e-02
-2.169590385608377581e-02
-2.054927151584043030e-02
-1.932154032227592633e-02
-1.801755558544946775e-02
-1.664246355430827259e-02
-1.520169110672734206e-02
-1.370092433203133619e-02
-1.214608609052390820e-02
-1.054331263858713542e-02
-8.898929411601324072e-03
-7.219426060259260397e-03
-5.511430838795542894e-03
-3.781684446209258345e-03
-2.037013423717063017e-03
-2.843032134251477451e-04
1.469529015454458911e-03
3.217561665600404078e-03
4.952896028054295033e-03
6.668683508362778858e-03
8.358152654939917173e-03
1.001463588298090630e-02
1.163159578845970182e-02
1.320265094836092258e-02
1.472160110532390841e-02
1.618245163730637481e-02
1.757943721569673809e-02
1.890704455850706830e-02
2.016003418884984230e-02
2.133346111282752311e-02
2.242269433522858096e-02
