-1.726163395776209031e-02
-1.679089522008633817e-02
-1.625389027207146259e-02
-1.565273843388305039e-02
-1.498981218498886617e-02
-1.426772780103549750e-02
-1.348933502856964652e-02
-1.265770583835348732e-02
-1.177612230165962087e-02
-1.084806363739258817e-02
-9.877192481156222420e-03
-8.867340430456680314e-03
-7.822492923087837405e-03
-6.746773508377356884e-03
-5.644427573367840657e-03
-4.519805588158609493e-03
-3.377345936531291233e-03
-2.221557399619140168e-03
-1.057001361749237024e-03
1.117261913167486378e-04
1.280012810698309125e-03
2.443247787684468819e-03
3.596840350154477915e-03
4.736237780317637674e-03
5.856943382269563098e-03
6.954534228454947731e-03
8.024678614999385118e-03
9.063153157021809625e-03
1.006585945645997390e-02
1.102884027662839536e-02
1.194829515967504169e-02
1.282059542530153418e-02
1.364229849155359532e-02
1.441016146116393462e-02
1.512115391982831424e-02
1.577246989590569068e-02
1.636153893434274392e-02
1.688603624111906926e-02
1.734389185817716492e-02
1.773329883262814155e-02
1.805272034799270536e-02
1.830089578933363770e-02
1.847684571834334183e-02
1.857987573875217319e-02
1.860957923680225945e-02
1.856583898597148272e-02
1.844882760961460283e-02
1.825900689969540622e-02
1.799712599429887511e-02
1.766421842111565513e-02
1.726159801856703979e-02
1.679085375066789732e-02
1.625384343609102139e-02
1.565268641618143206e-02
1.498975519085686200e-02
1.426766605540363830e-02
1.348926877512054111e-02
1.265763533856008489e-02
1.177604783375331074e-02
1.084798549526514583e-02
9.877110973199943952e-03
8.867255878347288234e-03
7.822405660514977072e-03
6.746683879727662959e-03
5.644335932365812485e-03
4.519712296470601055e-03
3.377251362338191086e-03
2.221461916163307206e-03
1.056905345861488665e-03
-1.118223607043228839e-04
-1.280108754047824034e-03
-2.443343126350111093e-03
-3.596934707876851735e-03
-4.736330784708695125e-03
-5.857034666282256476e-03
-6.954623431831799540e-03
-8.024765385694257458e-03
-9.063237152589288456e-03
-1.006594034540683920e-02
-1.102891773972187670e-02
-1.194836889120269585e-02
-1.282066513427775056e-02
-1.364236390286798460e-02
-1.441022231666706788e-02
-1.512120997935053647e-02
-1.577252093820494944e-02
-1.636158475797774500e-02
-1.688607666524424497e-02
-1.734392672325645729e-02
-1.773332800106456816e-02
-1.805274370467139719e-02
-1.830091324207613196e-02
-1.847685719827141942e-02
-1.857988120055964823e-02
-1.860957865893381191e-02
-1.856583237070771192e-02
-1.844881498306299647e-02
-1.825898831168736025e-02
-1.799710151819300732e-02
-1.766418815350830757e-02
-1.726156207891102468e-02
-1.679081228080108942e-02
-1.625379659967654891e-02
-1.565263439806183904e-02
-1.498969819632457214e-02
-1.426760430939077312e-02
-1.348920252131120649e-02
-1.265756483842866292e-02
-1.177597336553252126e-02
-1.084790735284800814e-02
-9.877029464979888637e-03
-8.867171326001087317e-03
-7.822318397733203990e-03
-6.746594250897788511e-03
-5.644244291213042046e-03
-4.519619004661890559e-03
-3.377156788054894859e-03
-2.221366432648142365e-03
-1.056809329945506380e-03
1.119185300889211576e-04
1.280204697363164458e-03
2.443438464950515622e-03
3.597029065503184325e-03
4.736423788973286031e-03
5.857125950138553257e-03
6.954712635022941396e-03
8.024852156174844611e-03
9.063321147914756015e-03
1.006602123408491950e-02
1.102899520252085749e-02
1.194844262241129447e-02
1.282073484291161927e-02
1.364242931381808195e-02
1.441028317178541691e-02
1.512126603846899488e-02
1.577257198008305550e-02
1.636163058117586638e-02
1.688611708891855218e-02
1.734396158787264788e-02
1.773335716902747425e-02
1.805276706086801283e-02
1.830093069432991992e-02
1.847686867770607921e-02
1.857988666187095420e-02
1.860957808056837651e-02
1.856582575494810511e-02
1.844880235601868354e-02
1.825896972319169045e-02
1.799707704160651012e-02
1.766415788542919502e-02
1.726152613879397557e-02
1.679077081048578612e-02
1.625374976282793760e-02
1.565258237952416379e-02
1.498964120139192023e-02
1.426754256299684817e-02
1.348913626714161665e-02
1.265749433795920059e-02
1.177589889699723856e-02
1.084782921014115255e-02
9.876947956496047801e-03
8.867086773418065421e-03
7.822231134742521630e-03
6.746504621887731805e-03
5.644152649909528474e-03
4.519525712732469329e-03
3.377062213681400818e-03
2.221270949073649546e-03
1.056713314001300578e-03
-1.120146994705278735e-04
-1.280300640644310229e-03
-2.443533803485656384e-03
-3.597123423033439689e-03
-4.736516793111367890e-03
-5.857217233838413542e-03
-6.954801838028335133e-03
-8.024938926441108414e-03
-9.063405142998155056e-03
-1.006610212249414195e-02
-1.102907266502525969e-02
-1.194851635330076121e-02
-1.282080455120304142e-02
-1.364249472440379023e-02
-1.441034402651885857e-02
-1.512132209718355068e-02
-1.577262302153986315e-02
-1.636167640393696235e-02
-1.688615751214184862e-02
-1.734399645202561180e-02
-1.773338633651676613e-02
-1.805279041658250025e-02
-1.830094814609496690e-02
-1.847688015664731773e-02
-1.857989212268610149e-02
-1.860957750170601568e-02
-1.856581913869273515e-02
-1.844878972848171955e-02
-1.825895113420843499e-02
-1.799705256453942512e-02
-1.766412761687838687e-02
-1.726149019821598268e-02
-1.679072933972212620e-02
-1.625370292554529847e-02
-1.565253036056852079e-02
-1.498958420605899476e-02
-1.426748081622191550e-02
-1.348907001261178892e-02
-1.265742383715169617e-02
-1.177582442814746090e-02
-1.084775106714459987e-02
-9.876866447748433586e-03
-8.867002220598245096e-03
-7.822143871542940399e-03
-6.746414992697502382e-03
-5.644061008455278708e-03
-4.519432420682339968e-03
-3.376967639217706794e-03
-2.221175465439818777e-03
-1.056617298028853912e-03
1.121108688491672637e-04
1.280396583891292572e-03
2.443629141955572844e-03
3.597217780467669868e-03
4.736609797122997081e-03
5.857308517381894578e-03
6.954891040848036263e-03
8.025025696493097438e-03
9.063489137839553234e-03
1.006618301063459155e-02
1.102915012723518044e-02
1.194859008387118976e-02
1.282087425915215406e-02
1.364256013462524647e-02
1.441040488086754029e-02
1.512137815549435306e-02
1.577267406257552157e-02
1.636172222626115086e-02
1.688619793491420371e-02
1.734403131571540108e-02
1.773341550353248891e-02
1.805281377181488026e-02
1.830096559737126594e-02
1.847689163509508639e-02
1.857989758300502073e-02
1.860957692234662536e-02
1.856581252194150142e-02
1.844877710045205246e-02
1.825893254473753141e-02
1.799702808699168988e-02
1.766409734785584495e-02
1.726145425717703560e-02
1.679068786851009229e-02
1.625365608782863847e-02
1.565247834119491352e-02
1.498952721032580440e-02
1.426741906906601152e-02
1.348900375772178056e-02
1.265735333600623638e-02
1.177574995898327155e-02
1.084767292385840909e-02
9.876784938737113648e-03
8.866917667541674916e-03
7.822056608134507136e-03
6.746325363327145344e-03
5.643969366850340452e-03
4.519339128511561457e-03
3.376873064663871334e-03
2.221079981746709470e-03
1.056521282028225362e-03
-1.122070382247797375e-04
-1.280492527104050557e-03
-2.443724480360202119e-03
-3.597312137805805908e-03
-4.736702801008111155e-03
-5.857399800768933913e-03
-6.954980243481990142e-03
-8.025112466330759642e-03
-9.063573132438896771e-03
-1.006626389850621278e-02
-1.102922758915055555e-02
-1.194866381412251939e-02
-1.282094396675886351e-02
-1.364262554448234833e-02
-1.441046573483137187e-02
-1.512143421340133610e-02
-1.577272510318996832e-02
-1.636176804814842498e-02
-1.688623835723564864e-02
-1.734406617894204694e-02
-1.773344467007465300e-02
-1.805283712656518061e-02
-1.830098304815886909e-02
-1.847690311304947541e-02
-1.857990304282778476e-02
-1.860957634249028533e-02
-1.856580590469450454e-02
-1.844876447192972391e-02
-1.825891395477904217e-02
-1.799700360896336684e-02
-1.766406707836159010e-02
