-4.208148969720169885e-02
-4.712159299465282919e-02
-5.197572828075201767e-02
-5.662473843816467206e-02
-6.105027588738885791e-02
-6.523487499650743038e-02
-6.916202101028447180e-02
-7.281621522657399925e-02
-7.618303616281760227e-02
-7.924919647123478128e-02
-8.200259537808665677e-02
-8.443236644005873426e-02
-8.652892042928927996e-02
-8.828398317779509452e-02
-8.969062823194012823e-02
-9.074330418807323440e-02
-9.143785660145438421e-02
-9.177154438200392506e-02
-9.174305061216826707e-02
-9.135248774420931528e-02
-9.060139715640494473e-02
-8.949274306991333860e-02
-8.803090085030759737e-02
-8.622163973995020103e-02
-8.407210008935409040e-02
-8.159076517738861334e-02
-7.878742773154352730e-02
-7.567315128038011596e-02
-7.226022649069498149e-02
-6.856212266171370084e-02
-6.459343456774559178e-02
-6.036982485908759521e-02
-5.590796224849597928e-02
-5.122545572717596141e-02
-4.634078506990955276e-02
-4.127322790358735338e-02
-3.604278362697207333e-02
-3.067009448194881610e-02
-2.517636408775913992e-02
-1.958327375972756731e-02
-1.391289694273390234e-02
-8.187612097124173649e-03
-2.430014380860936411e-03
3.337173523535724891e-03
9.091191085330027968e-03
1.480932975128243685e-02
2.046902256622947294e-02
2.604793323483878612e-02
3.152404427305229712e-02
3.687574390132267177e-02
4.208191133671426720e-02
4.712200014725830000e-02
5.197611933959975922e-02
5.662511185991903756e-02
6.105063019831994536e-02
6.523520879830721486e-02
6.916233298558538412e-02
7.281650414414810035e-02
7.618330088243542575e-02
7.924943594816553916e-02
8.200280866722120532e-02
8.443255269963950704e-02
8.652907892423232494e-02
8.828411328259130886e-02
8.969072943312363100e-02
9.074337608624789830e-02
9.143789891286999150e-02
9.177155693967599392e-02
9.174303336653734375e-02
9.135244076333623453e-02
9.060132062570240563e-02
8.949263729141400392e-02
8.803076624147222751e-02
8.622147683202018020e-02
8.407190952525465943e-02
8.159054770919176025e-02
7.878718421749962564e-02
7.567288268153100905e-02
7.225993386708114141e-02
6.856180716819064436e-02
6.459309744942620668e-02
6.036946744642823770e-02
5.590758595204577130e-02
5.122506203200995201e-02
4.634037552976781604e-02
4.127280413474303244e-02
3.604234730185266328e-02
3.066964732253594714e-02
2.517590785879250323e-02
1.958281026174038889e-02
1.391242800494699693e-02
8.187139570226834029e-03
2.429540129707080144e-03
-3.337647627287304575e-03
-9.091663170602269986e-03
-1.480979795496431203e-02
-2.046948504052887446e-02
-2.604838815457494877e-02
-3.152448984285895206e-02
-3.687617836273358179e-02
-4.208233297510308862e-02
-4.712240729860546484e-02
-5.197651039705962484e-02
-5.662548528016136951e-02
-6.105098450762076051e-02
-6.523554259836501779e-02
-6.916264495903959308e-02
-7.281679305977782624e-02
-7.618356560001902922e-02
-7.924967542298014256e-02
-8.200302195416603324e-02
-8.443273895696570830e-02
-8.652923741686495418e-02
-8.828424338503025603e-02
-8.969083063191223004e-02
-9.074344798199945883e-02
-9.143794122184392692e-02
-9.177156949489760629e-02
-9.174301611845675497e-02
-9.135239378002393829e-02
-9.060124409258062117e-02
-8.949253151052502520e-02
-8.803063163028630733e-02
-8.622131392178787601e-02
-8.407171895891039914e-02
-8.159033023881623325e-02
-7.878694070135185135e-02
-7.567261408066117134e-02
-7.225964124153763657e-02
-6.856149167283664969e-02
-6.459276032938181256e-02
-6.036911003215662125e-02
-5.590720965410243132e-02
-5.122466833547582865e-02
-4.633996598838836106e-02
-4.127238036479630168e-02
-3.604191097577055802e-02
-3.066920016230381338e-02
-2.517545162915331425e-02
-1.958234676323001439e-02
-1.391195906678831425e-02
-8.186667043110608735e-03
-2.429065878488098889e-03
3.338121730949987053e-03
9.092135255631942151e-03
1.481026615825091139e-02
2.046994751428185197e-02
2.604884307361567813e-02
3.152493541182390530e-02
3.687661282315982114e-02
4.208275461236817006e-02
4.712281444869425434e-02
5.197690145313144799e-02
5.662585869889149442e-02
6.105133881529123396e-02
6.523587639668065874e-02
6.916295693064665462e-02
7.281708197346289935e-02
7.618383031556799634e-02
7.924991489567827230e-02
8.200323523892087685e-02
8.443292521203696332e-02
8.652939590718652929e-02
8.828437348511117277e-02
8.969093182830531474e-02
9.074351987532744412e-02
9.143798352837571863e-02
9.177158204766813765e-02
9.174299886792573744e-02
9.135234679427160776e-02
9.060116755703889746e-02
8.949242572724573630e-02
8.803049701674907357e-02
8.622115100925253905e-02
8.407152839032043523e-02
8.159011276626133846e-02
7.878669718309967707e-02
7.567234547777021425e-02
7.225934861406423104e-02
6.856117617565155031e-02
6.459242320761235390e-02
6.036875261627280831e-02
5.590683335466607035e-02
5.122427463757375093e-02
4.633955644577145844e-02
4.127195659374748721e-02
3.604147464872605594e-02
3.066875300125278606e-02
2.517499539884193727e-02
1.958188326419682546e-02
1.391149012825826717e-02
8.186194515775921041e-03
2.428591627204421989e-03
-3.338595834523346451e-03
-9.092607340418621190e-03
-1.481073436114180644e-02
-2.047040998748798565e-02
-2.604929799196057175e-02
-3.152538097994679600e-02
-3.687704728260111225e-02
-4.208317624850926170e-02
-4.712322159752445339e-02
-5.197729250781504828e-02
-5.662623211610927354e-02
-6.105169312133115755e-02
-6.523621019325404058e-02
-6.916326890040656872e-02
-7.281737088520316703e-02
-7.618409502908228548e-02
-7.925015436625980347e-02
-8.200344852148558350e-02
-8.443311146485324437e-02
-8.652955439519714742e-02
-8.828450358283436439e-02
-8.969103302230307939e-02
-9.074359176623200685e-02
-9.143802583246554705e-02
-9.177159459798778229e-02
-9.174298161494466586e-02
-9.135229980607970091e-02
-9.060109101907772022e-02
-8.949231994157655357e-02
-8.803036240086102582e-02
-8.622098809441477996e-02
-8.407133781948553097e-02
-8.158989529152775588e-02
-7.878645366274369954e-02
-7.567207687285849860e-02
-7.225905598466117463e-02
-6.856086067663549888e-02
-6.459208608411791397e-02
-6.036839519877675725e-02
-5.590645705373664676e-02
-5.122388093830368416e-02
-4.633914690191701796e-02
-4.127153282159645720e-02
-3.604103832071901131e-02
-3.066830583938271598e-02
-2.517453916785825779e-02
-1.958141976464071454e-02
-1.391102118935673947e-02
-8.185721988222666862e-03
-2.428117375855950132e-03
3.339069938007471674e-03
9.093079424962392104e-03
1.481120256363707699e-02
2.047087246014732062e-02
2.604975290960967818e-02
3.152582654722762417e-02
3.687748174105739268e-02
4.208359788352632885e-02
4.712362874509607585e-02
5.197768356111048121e-02
5.662660553181469991e-02
6.105204742574053822e-02
6.523654398808514943e-02
6.916358086831939089e-02
7.281765979499887909e-02
7.618435974056207705e-02
7.925039383472495813e-02
8.200366180186033360e-02
8.443329771541464857e-02
8.652971288089690571e-02
8.828463367819976149e-02
8.969113421390545460e-02
9.074366365471303597e-02
9.143806813411337053e-02
9.177160714585651247e-02
9.174296435951347084e-02
9.135225281544803733e-02
9.060101447869672864e-02
8.949221415351724107e-02
8.803022778262184489e-02
8.622082517727421014e-02
8.407114724640520065e-02
8.158967781461499980e-02
7.878621014028330816e-02
7.567180826592556642e-02
7.225876335332807876e-02
6.856054517578823171e-02
6.459174895889828460e-02
6.036803777966832929e-02
5.590608075131398014e-02
5.122348723766543405e-02
4.633873735682483841e-02
4.127110904834305899e-02
3.604060199174930618e-02
3.066785867669345744e-02
2.517408293620211623e-02
1.958095626456150817e-02
1.391055225008354726e-02
8.185249460450653644e-03
2.427643124442478186e-03
-3.339544041402583464e-03
-9.093551509263485613e-03
-1.481167076573696416e-02
-2.047133493226013096e-02
-2.605020782656327152e-02
-3.152627211366671595e-02
-3.687791619852901631e-02
