-3.438192774463760815e-02
-3.029962394922406516e-02
-2.609774098739336620e-02
-2.179286182607605496e-02
-1.740197591248441103e-02
-1.294241212430548814e-02
-8.431770380312805444e-03
-3.887852181299149973e-03
6.714096445453863376e-04
5.228021714546293892e-03
9.764001103439213375e-03
1.426144631399374300e-02
1.870260792627695054e-02
2.306995864673525715e-02
2.734626248064217155e-02
3.151464275491876188e-02
3.555864872287116396e-02
3.946232048798573033e-02
4.321025199055614913e-02
4.678765180856291062e-02
5.018040153285034666e-02
5.337511148622074014e-02
5.635917356654685656e-02
5.912081100535459405e-02
6.164912484550072458e-02
6.393413695451884149e-02
6.596682940387935123e-02
6.773918005875034787e-02
6.924419423780292515e-02
7.047593231811381809e-02
7.142953317622040277e-02
7.210123337281731937e-02
7.248838200538101906e-02
7.258945117010515147e-02
7.240404199185883349e-02
7.193288619836975262e-02
7.117784323241943545e-02
7.014189291344827271e-02
6.882912367753059313e-02
6.724471644213227128e-02
6.539492415932923741e-02
6.328704713818127103e-02
6.092940423365237473e-02
5.833130001578296780e-02
5.550298804868185332e-02
5.245563042426019257e-02
4.920125371040916934e-02
4.575270148747497684e-02
4.212358366034799767e-02
3.832822274620948516e-02
3.438159734991352856e-02
3.029928305008257328e-02
2.609739092921206649e-02
2.179250399037921046e-02
1.740161171149066932e-02
1.294204299535450797e-02
8.431397780192717920e-03
3.887477580497239113e-03
-6.717847676460337930e-04
-5.228395879501307984e-03
-9.764372833585605385e-03
-1.426181414227762657e-02
-1.870297040104335409e-02
-2.307031433745717827e-02
-2.734660998356620507e-02
-3.151498069860512313e-02
-3.555897577360614403e-02
-3.946263535504519054e-02
-4.321055343129961285e-02
-4.678793863333756409e-02
-5.018067260968614440e-02
-5.337536574529769956e-02
-5.635941000441727078e-02
-5.912102868890314195e-02
-6.164932291562699035e-02
-6.393431462952804678e-02
-6.596698598256706125e-02
-6.773931492316997982e-02
-6.924430685570451272e-02
-7.047602224504444235e-02
-7.142960005727841399e-02
-7.210127694405292498e-02
-7.248840209483783936e-02
-7.258944769849901002e-02
-7.240401497289067345e-02
-7.193283573867137459e-02
-7.117776953113298666e-02
-7.014179626143997315e-02
-6.882900445624298702e-02
-6.724457512207882015e-02
-6.539476129823749984e-02
-6.328686337879169121e-02
-6.092920030118168656e-02
-5.833107671506208847e-02
-5.550274626097964625e-02
-5.245537110380538853e-02
-4.920097788062449684e-02
-4.575241023693812220e-02
-4.212327813849560398e-02
-3.832790415880064916e-02
-3.438126695427140556e-02
-3.029894215013207923e-02
-2.609704087033396652e-02
-2.179214615410051195e-02
-1.740124751003233050e-02
-1.294167386605803854e-02
-8.431025179847593393e-03
-3.887102979591631688e-03
6.721598907286254875e-04
5.228770044316584896e-03
9.764744563471121006e-03
1.426218197018052670e-02
1.870333287531017463e-02
2.307067002756288052e-02
2.734695748575982285e-02
3.151531864144973411e-02
3.555930282339136300e-02
3.946295022105068134e-02
4.321085487088902055e-02
4.678822545686263379e-02
5.018094368518170867e-02
5.337562000294911874e-02
5.635964644078245850e-02
5.912124637087270290e-02
6.164952098410687170e-02
6.393449230282982620e-02
6.596714255949311101e-02
6.773944978578062825e-02
6.924441947175691281e-02
7.047611217009305817e-02
7.142966693642896492e-02
7.210132051336301529e-02
7.248842218235874990e-02
7.258944422495428039e-02
7.240398795198882409e-02
7.193278527705194991e-02
7.117769582794554462e-02
7.014169960755831101e-02
6.882888523311704587e-02
6.724443380022944450e-02
6.539459843539928430e-02
6.328667961771188011e-02
6.092899636708370287e-02
5.833085341278334418e-02
5.550250447179509716e-02
5.245511178194963570e-02
4.920070204952579906e-02
4.575211898517939080e-02
4.212297261551822825e-02
3.832758557036822916e-02
3.438093655771105178e-02
3.029860124937237137e-02
2.609669081075889283e-02
2.179178831723982412e-02
1.740088330810927314e-02
1.294130473641593761e-02
8.430652579277298289e-03
3.886728378582204966e-03
-6.725350137932726603e-04
-5.229144208992227844e-03
-9.765116293095864319e-03
-1.426254979770254748e-02
-1.870369534907750583e-02
-2.307102571705246449e-02
-2.734730498722311512e-02
-3.151565658345271970e-02
-3.555962987222695965e-02
-3.946326508600233457e-02
-4.321115630932449020e-02
-4.678851227913823074e-02
-5.018121475933722681e-02
-5.337587425917519196e-02
-5.635988287564260707e-02
-5.912146405126349896e-02
-6.164971905094041721e-02
-6.393466997442422139e-02
-6.596729913465745887e-02
-6.773958464658227929e-02
-6.924453208596012543e-02
-7.047620209325956842e-02
-7.142973381367195840e-02
-7.210136408074771519e-02
-7.248844226794401435e-02
-7.258944074947121239e-02
-7.240396092915359072e-02
-7.193273481351168674e-02
-7.117762212285747014e-02
-7.014160295180368876e-02
-6.882876600815325541e-02
-6.724429247658442188e-02
-6.539443557081475733e-02
-6.328649585494214302e-02
-6.092879243135881917e-02
-5.833063010894704720e-02
-5.550226268112852523e-02
-5.245485245869321161e-02
-4.920042621711333969e-02
-4.575182773219896304e-02
-4.212266709141605781e-02
-3.832726698091234313e-02
-3.438060616023259908e-02
-3.029826034780357807e-02
-2.609634075048691479e-02
-2.179143047979717820e-02
-1.740051910572152152e-02
-1.294093560642823812e-02
-8.430279978481870773e-03
-3.886353777469003182e-03
6.729101368399376896e-04
5.229518373528199530e-03
9.765488022459800632e-03
1.426291762484365247e-02
1.870405782234532341e-02
2.307138140592587816e-02
2.734765248795605411e-02
3.151599452461403827e-02
3.555995692011289233e-02
3.946357994990003226e-02
4.321145774660591077e-02
4.678879910016423005e-02
5.018148583215251146e-02
5.337612851397571107e-02
5.636011930899752914e-02
5.912168173007529420e-02
6.164991711612743258e-02
6.393484764431113521e-02
6.596745570806003545e-02
6.773971950557480803e-02
6.924464469831405344e-02
7.047629201454390369e-02
7.142980068900725565e-02
7.210140764620676102e-02
7.248846235159328577e-02
7.258943727204944518e-02
7.240393390438462640e-02
7.193268434805030753e-02
7.117754841586841630e-02
7.014150629417575944e-02
6.882864678135118541e-02
6.724415115114351638e-02
6.539427270448376628e-02
6.328631209048214690e-02
6.092858849400660526e-02
5.833040680355283669e-02
5.550202088897956271e-02
5.245459313403579710e-02
4.920015038338675789e-02
4.575153647799654055e-02
4.212236156618884980e-02
3.832694839043279678e-02
3.438027576183593642e-02
3.029791944542560220e-02
2.609599068951799078e-02
2.179107264177256378e-02
1.740015490286905483e-02
1.294056647609491406e-02
8.429907377461270945e-03
3.885979176251963887e-03
-6.732852598686838927e-04
-5.229892537924565009e-03
-9.765859751563006272e-03
-1.426328545160391974e-02
-1.870442029511371063e-02
-2.307173709418326724e-02
-2.734799998795876819e-02
-3.151633246493381474e-02
-3.556028396704926514e-02
-3.946389481274393402e-02
-4.321175918273346267e-02
-4.678908591994085375e-02
-5.018175690362786795e-02
-5.337638276735099524e-02
-5.636035574084750921e-02
-5.912189940730840088e-02
-6.165011517966827170e-02
-6.393502531249080356e-02
-6.596761227970107666e-02
-6.773985436275851979e-02
-6.924475730881893276e-02
-7.047638193394629991e-02
-7.142986756243521751e-02
-7.210145120974051358e-02
-7.248848243330691110e-02
-7.258943379268933960e-02
-7.240390687768230582e-02
-7.193263388066810371e-02
-7.117747470697875778e-02
-7.014140963467484224e-02
-6.882852755271116896e-02
-6.724400982390692227e-02
-6.539410983640647768e-02
-6.328612832433223867e-02
-6.092838455502744971e-02
-5.833018349660103186e-02
-5.550177909534857734e-02
-5.245433380797773215e-02
-4.919987454834648388e-02
-4.575124522257251886e-02
-4.212205603983693036e-02
-3.832662979892987459e-02
