1.501284410206737150e-03
-8.355485891123456878e-04
-3.169084049031120707e-03
-5.490112540892334511e-03
-7.789473995490096489e-03
-1.005809385379710305e-02
-1.228701888022110632e-02
-1.446745249705167630e-02
-1.659078950064782690e-02
-1.864865002235710500e-02
-2.063291260013758871e-02
-2.253574623036355695e-02
-2.434964127332086073e-02
-2.606743909042150142e-02
-2.768236029617255484e-02
-2.918803151340152932e-02
-3.057851052614707008e-02
-3.184830973094768258e-02
-3.299241779397687341e-02
-3.400631942855330409e-02
-3.488601321497304675e-02
-3.562802739233707910e-02
-3.622943356005045579e-02
-3.668785823491964304e-02
-3.700149221823720996e-02
-3.716909773588591287e-02
-3.719001332328389364e-02
-3.706415643589162229e-02
-3.679202377497864385e-02
-3.637468932736412364e-02
-3.581380012686754405e-02
-3.511156975419738729e-02
-3.427076960093060343e-02
-3.329471793206012498e-02
-3.218726679027598264e-02
-3.095278679366255878e-02
-2.959614988680901379e-02
-2.812271011340660223e-02
-2.653828248621470376e-02
-2.484912003778665807e-02
-2.306188914252580227e-02
-2.118364320746478693e-02
-1.922179483559887866e-02
-1.718408657163217682e-02
-1.507856034559043254e-02
-1.291352573489288821e-02
-1.069752717013859600e-02
-8.439310214031535765e-03
-6.147787046526569966e-03
-3.832001292411094714e-03
-1.501092330132248890e-03
8.357407772730595730e-04
3.169275586796696780e-03
5.490302672348229898e-03
7.789661970271854856e-03
1.005827893005169053e-02
1.228720032753469714e-02
1.446762959933226185e-02
1.659096155895131361e-02
1.864881635764575538e-02
2.063307255595983256e-02
2.253589917544477489e-02
2.434978660405471423e-02
2.606757623325207940e-02
2.768248870985798651e-02
2.918815069114999786e-02
3.057861999761690014e-02
3.184840906410358469e-02
3.299250659679500014e-02
3.400639735056831814e-02
3.488607994866135126e-02
3.562808267433040244e-02
3.622947717217533253e-02
3.668789000505839892e-02
3.700151202100719627e-02
3.716910549313440920e-02
3.719000900439643764e-02
3.706414005791296151e-02
3.679199540254537992e-02
3.637464907244962464e-02
3.581374814834011738e-02
3.511150625719323959e-02
3.427069483604418959e-02
3.329463219435527949e-02
3.218717041812134416e-02
3.095268016739628758e-02
2.959603342723763145e-02
2.812258428014435471e-02
2.653814777586961660e-02
2.484897698200065619e-02
2.306173830587657236e-02
2.118348518523765350e-02
1.922163025143739518e-02
1.718391607507698329e-02
1.507838460951577315e-02
1.291334545285103760e-02
1.069734305362274839e-02
8.439122989667849697e-03
6.147597453206508217e-03
3.831810078375336333e-03
1.500900250017713888e-03
-8.359329654114174262e-04
-3.169467124477604904e-03
-5.490492803657483906e-03
-7.789849944845564367e-03
-1.005846400603765955e-02
-1.228738177452015634e-02
-1.446780670122650367e-02
-1.659113361681177623e-02
-1.864898269243642909e-02
-2.063323251123112823e-02
-2.253605211992424848e-02
-2.434993193413838991e-02
-2.606771337538662733e-02
-2.768261712280427680e-02
-2.918826986811914187e-02
-3.057872946827028260e-02
-3.184850839640913228e-02
-3.299259539873217184e-02
-3.400647527167531547e-02
-3.488614668141815089e-02
-3.562813795537243811e-02
-3.622952078333284420e-02
-3.668792177421750789e-02
-3.700153182278912573e-02
-3.716911324939031064e-02
-3.719000468451584551e-02
-3.706412367894450222e-02
-3.679196702912958250e-02
-3.637460881656378459e-02
-3.581369616885636542e-02
-3.511144275925148772e-02
-3.427062007024266055e-02
-3.329454645576137434e-02
-3.218707404510725428e-02
-3.095257354030346922e-02
-2.959591696687591256e-02
-2.812245844613108642e-02
-2.653801306481579775e-02
-2.484883392555103931e-02
-2.306158746861146705e-02
-2.118332716244477124e-02
-1.922146566676257926e-02
-1.718374557806287214e-02
-1.507820887303839945e-02
-1.291316517046427539e-02
-1.069715893682115365e-02
-8.438935765078717233e-03
-6.147407859722185501e-03
-3.831618864237149036e-03
-1.500708169862993366e-03
8.361251535275617116e-04
3.169658662073986458e-03
5.490682934820228372e-03
7.790037919211367269e-03
1.005864908175514022e-02
1.228756322117760535e-02
1.446798380273450237e-02
1.659130567422927721e-02
1.864914902672918512e-02
2.063339246595151388e-02
2.253620506380197772e-02
2.435007726357186000e-02
2.606785051682509319e-02
2.768274553501135285e-02
2.918838904430881565e-02
3.057883893810705092e-02
3.184860772786415883e-02
3.299268419978828443e-02
3.400655319187415038e-02
3.488621341324326525e-02
3.562819323546294326e-02
3.622956439352277569e-02
3.668795354239678952e-02
3.700155162358285260e-02
3.716912100465352004e-02
3.719000036364196460e-02
3.706410729898614032e-02
3.679193865473113362e-02
3.637456855970642305e-02
3.581364418841603142e-02
3.511137926037190271e-02
3.427054530352569711e-02
3.329446071627811810e-02
3.218697767123338688e-02
3.095246691238390246e-02
2.959580050572371140e-02
2.812233261136670368e-02
2.653787835305321946e-02
2.484869086843776234e-02
2.306143663073043082e-02
2.118316913908614013e-02
1.922130108157439621e-02
1.718357508058982949e-02
1.507803313615833918e-02
1.291298488773266750e-02
1.069697481973391935e-02
8.438748540264265005e-03
6.147218266073755343e-03
3.831427649996712800e-03
1.500516089668282697e-03
-8.363173416212772151e-04
-3.169850199585607688e-03
-5.490873065836213499e-03
-7.790225893368995548e-03
-1.005883415720384456e-02
-1.228774466750674234e-02
-1.446816090385595437e-02
-1.659147773120353553e-02
-1.864931536052372510e-02
-2.063355242012070503e-02
-2.253635800707769893e-02
-2.435022259235489900e-02
-2.606798765756723757e-02
-2.768287394647895097e-02
-2.918850821971883183e-02
-3.057894840712704204e-02
-3.184870705846848393e-02
-3.299277299996314361e-02
-3.400663111116467019e-02
-3.488628014413658329e-02
-3.562824851460185543e-02
-3.622960800274503679e-02
-3.668798530959619525e-02
-3.700157142338835609e-02
-3.716912875892410678e-02
-3.718999604177494755e-02
-3.706409091803798683e-02
-3.679191027935022756e-02
-3.637452830187776209e-02
-3.581359220701936519e-02
-3.511131576055476905e-02
-3.427047053589366010e-02
-3.329437497590583689e-02
-3.218688129650006113e-02
-3.095236028363780242e-02
-2.959568404378118064e-02
-2.812220677585134526e-02
-2.653774364058194071e-02
-2.484854781066090160e-02
-2.306128579223353653e-02
-2.118301111516179489e-02
-1.922113649587291195e-02
-1.718340458265790391e-02
-1.507785739887561836e-02
-1.291280460465620700e-02
-1.069679070236099344e-02
-8.438561315224421891e-03
-6.147028672261125801e-03
-3.831236435653918772e-03
-1.500324009433457199e-03
8.365095296927083524e-04
3.170041737012633393e-03
5.491063196705633573e-03
7.790413867318664309e-03
1.005901923238401025e-02
1.228792611350782750e-02
1.446833800459113202e-02
1.659164978773481139e-02
1.864948169382035087e-02
2.063371237373897230e-02
2.253651094975169661e-02
2.435036792048777404e-02
2.606812479761334497e-02
2.768300235720742158e-02
2.918862739434951309e-02
3.057905787533055780e-02
3.184880638822241289e-02
3.299286179925705470e-02
3.400670902954715247e-02
3.488634687409839646e-02
3.562830379278945220e-02
3.622965161099996750e-02
3.668801707581600263e-02
3.700159122220586516e-02
3.716913651220218190e-02
3.718999171891484296e-02
3.706407453610009728e-02
3.679188190298677413e-02
3.637448804307768374e-02
3.581354022466629039e-02
3.511125225979994102e-02
3.427039576734639686e-02
3.329428923464441276e-02
3.218678492090714521e-02
3.095225365406509277e-02
2.959556758104829252e-02
2.812208093958496954e-02
2.653760892740197191e-02
2.484840475222047443e-02
2.306113495312078418e-02
2.118285309067176672e-02
1.922097190965811261e-02
1.718323408426708152e-02
1.507768166119025435e-02
1.291262432123491122e-02
1.069660658470241582e-02
8.438374089959232993e-03
6.146839078284339376e-03
3.831045221208807718e-03
