-5.133483475589811079e-02
-5.339415524811702563e-02
-5.524275271001652388e-02
-5.687333154796465895e-02
-5.827945659106474607e-02
-5.945557848791840211e-02
-6.039705560745237817e-02
-6.110017235737606051e-02
-6.156215384797490697e-02
-6.178117684336860427e-02
-6.175637695701360896e-02
-6.148785206305325962e-02
-6.097666191005196579e-02
-6.022482393863799743e-02
-5.923530531956081729e-02
-5.801201124358525141e-02
-5.655976950943689824e-02
-5.488431147062352439e-02
-5.299224941632680458e-02
-5.089105047563196454e-02
-4.858900714808373628e-02
-4.609520457687154432e-02
-4.341948469380203096e-02
-4.057240737756276361e-02
-3.756520877856839996e-02
-3.440975697486245433e-02
-3.111850513408127503e-02
-2.770444236632890397e-02
-2.418104246192527562e-02
-2.056221071633640082e-02
-1.686222905214543669e-02
-1.309569965464365410e-02
-9.277487343486703550e-03
-5.422660907849562173e-03
-1.546433636604353052e-03
2.335896721777992475e-03
6.209008332650638173e-03
1.005761574367116870e-02
1.386653020969714004e-02
1.762071963602121136e-02
2.130536790337655279e-02
2.490593334058303562e-02
2.840820611406869728e-02
3.179836430777539802e-02
3.506302847212630636e-02
3.818931442677453436e-02
4.116488410874395709e-02
4.397799426528720135e-02
4.661754279929167938e-02
4.907311258432893453e-02
5.133501257642869575e-02
5.339431606032785105e-02
5.524289587925320516e-02
5.687345650920179463e-02
5.827956285113577301e-02
5.945566562746199685e-02
6.039712328256744561e-02
6.110022030097893297e-02
6.156218187085349403e-02
6.178118483492902463e-02
6.175636488571673716e-02
6.148781997653911258e-02
6.097660993495176290e-02
6.022475228007440756e-02
5.923521426033839798e-02
5.801190114307432089e-02
5.655964080215529488e-02
5.488416466452174236e-02
5.299208509078338208e-02
5.089086927916688236e-02
4.858880979579902060e-02
4.609499184762905905e-02
4.341925742714964481e-02
4.057216647042108382e-02
3.756495518169100656e-02
3.440949168908366551e-02
3.111822920636628242e-02
2.770415688564193193e-02
2.418074855493186973e-02
2.056190954295701590e-02
1.686192180097770971e-02
1.309538753827156447e-02
9.277171593695034829e-03
5.422342770762585834e-03
1.546114367767936239e-03
-2.336215862351470173e-03
-6.209326085454993163e-03
-1.005793085467712560e-02
-1.386684143530143333e-02
-1.762102574795451626e-02
-2.130566769355093579e-02
-2.490622562585975350e-02
-2.840848974092750542e-02
-3.179863815686698181e-02
-3.506329146268988978e-02
-3.818956552090307238e-02
-4.116512231548039025e-02
-4.397821864453525104e-02
-4.661775246552606750e-02
-4.907330671009008799e-02
-5.133519039558839120e-02
-5.339447687111280316e-02
-5.524303904701464984e-02
-5.687358146892008276e-02
-5.827966910965038522e-02
-5.945575276541771592e-02
-6.039719095606944921e-02
-6.110026824294995801e-02
-6.156220989208786160e-02
-6.178119282483936908e-02
-6.175635281277042782e-02
-6.148778788838273751e-02
-6.097655795822302244e-02
-6.022468061990235433e-02
-5.923512319953391780e-02
-5.801179104101401168e-02
-5.655951209336312208e-02
-5.488401785695420920e-02
-5.299192076382476524e-02
-5.089068808134271371e-02
-4.858861244221668318e-02
-4.609477911715557930e-02
-4.341903015933776255e-02
-4.057192556219594431e-02
-3.756470158381043645e-02
-3.440922640238595204e-02
-3.111795327782023585e-02
-2.770387140421507952e-02
-2.418045464729269567e-02
-2.056160836902850078e-02
-1.686161454935966586e-02
-1.309507542154974766e-02
-9.276855843655599024e-03
-5.422024633530786106e-03
-1.545795098890212840e-03
2.336535002862573287e-03
6.209643838093536344e-03
1.005824596541448485e-02
1.386715266053539959e-02
1.762133185941723926e-02
2.130596748315635031e-02
2.490651791047137145e-02
2.840877336702768430e-02
3.179891200510941845e-02
3.506355445231709722e-02
3.818981661401175259e-02
4.116536052111748056e-02
4.397844302260885130e-02
4.661796213051550009e-02
4.907350083454070644e-02
5.133536821337717632e-02
5.339463768047186115e-02
5.524318221330078160e-02
5.687370642711954416e-02
5.827977536660861047e-02
5.945583990178567729e-02
6.039725862795857630e-02
6.110031618328936459e-02
6.156223791167828724e-02
6.178120081309993600e-02
6.175634073817498626e-02
6.148775579858436341e-02
6.097650597986592480e-02
6.022460895812205284e-02
5.923503213714766125e-02
5.801168093740458054e-02
5.655938338306057411e-02
5.488387104792098042e-02
5.299175643545096792e-02
5.089050688215950718e-02
4.858841508733680731e-02
4.609456638545111201e-02
4.341880289036632173e-02
4.057168465288733816e-02
3.756444798492675208e-02
3.440896111476937635e-02
3.111767734844327060e-02
2.770358592204847856e-02
2.418016073900785060e-02
2.056130719455094569e-02
1.686130729729139535e-02
1.309476330447829559e-02
9.276540093368495013e-03
5.421706496154254928e-03
1.545475829971268075e-03
-2.336854143311223753e-03
-6.209961590566200930e-03
-1.005856107588320482e-02
-1.386746388539901453e-02
-1.762163797040936300e-02
-2.130626727219278246e-02
-2.490681019441783051e-02
-2.840905699236918880e-02
-3.179918585250263163e-02
-3.506381744100793563e-02
-3.819006770610056112e-02
-4.116559872565523498e-02
-4.397866739950800213e-02
-4.661817179425998409e-02
-4.907369495768078294e-02
-5.133554602979500947e-02
-5.339479848840498338e-02
-5.524332537811169064e-02
-5.687383138380024822e-02
-5.827988162201055283e-02
-5.945592703656597811e-02
-6.039732629823489629e-02
-6.110036412199715272e-02
-6.156226592962477095e-02
-6.178120879971066293e-02
-6.175632866193039860e-02
-6.148772370714404578e-02
-6.097645399988052550e-02
-6.022453729473348227e-02
-5.923494107317951035e-02
-5.801157083224591643e-02
-5.655925467124763018e-02
-5.488372423742209766e-02
-5.299159210566199013e-02
-5.089032568161722114e-02
-4.858821773115933051e-02
-4.609435365251567801e-02
-4.341857562023541256e-02
-4.057144374249525148e-02
-3.756419438503988406e-02
-3.440869582623391765e-02
-3.111740141823528955e-02
-2.770330043914204579e-02
-2.417986683007726512e-02
-2.056100601952431592e-02
-1.686100004477284267e-02
-1.309445118705713194e-02
-9.276224342833649938e-03
-5.421388358632931587e-03
-1.545156561011050986e-03
2.337173283697463206e-03
6.210279342873014675e-03
1.005887618608327858e-02
1.386777510989226948e-02
1.762194408093087014e-02
2.130656706066017328e-02
2.490710247769910290e-02
2.840934061695195995e-02
3.179945969904656583e-02
3.506408042876227316e-02
3.819031879716940775e-02
4.116583692909358411e-02
4.397889177523259252e-02
4.661838145675945011e-02
4.907388907951031054e-02
5.133572384484186985e-02
5.339495929491215598e-02
5.524346854144721736e-02
5.687395633896202840e-02
5.827998787585601109e-02
5.945601416975832693e-02
6.039739396689814549e-02
6.110041205907312811e-02
6.156229394592709070e-02
6.178121678467144579e-02
6.175631658403651914e-02
6.148769161406156952e-02
6.097640201826663026e-02
6.022446562973652467e-02
5.923485000762940267e-02
5.801146072553797772e-02
5.655912595792415148e-02
5.488357742545746376e-02
5.299142777445786656e-02
5.089014447971589028e-02
4.858802037368424587e-02
4.609414091834922178e-02
4.341834834894489625e-02
4.057120283101958019e-02
3.756394078414970750e-02
3.440843053677941632e-02
3.111712548719618165e-02
2.770301495549565979e-02
2.417957292050083515e-02
2.056070484394846576e-02
1.686069279180390026e-02
1.309413906928618213e-02
9.275908592050984003e-03
5.421070220966738885e-03
1.544837292009485462e-03
-2.337492424021370575e-03
-6.210597095014069521e-03
-1.005919129601481887e-02
-1.386808633401526332e-02
-1.762225019098185436e-02
-2.130686684855865459e-02
-2.490739476031530314e-02
-2.840962424077613652e-02
-3.179973354474138758e-02
-3.506434341558033185e-02
-3.819056988721845902e-02
-4.116607513143268060e-02
-4.397911614978281675e-02
-4.661859111801402999e-02
-4.907408320002937252e-02
