3.030247487477635143e-02
3.354681083797075164e-02
3.665875242945010326e-02
3.962601819707263495e-02
4.243689765995493912e-02
4.508029752454214417e-02
4.754578546491353835e-02
4.982363129454218942e-02
5.190484536702224400e-02
5.378121405421299600e-02
5.544533216178322566e-02
5.689063215422637820e-02
5.811141007400789232e-02
5.910284805255380108e-02
5.986103332423944878e-02
6.038297366833858537e-02
6.066660921799044148e-02
6.071082058957990440e-02
6.051543330044770186e-02
6.008121845749607448e-02
5.940988971397213186e-02
5.850409650643906972e-02
5.736741359862611994e-02
5.600432697342287020e-02
5.442021612869600566e-02
5.262133284679907513e-02
5.061477652156255030e-02
4.840846614013767646e-02
4.601110903026918442e-02
4.343216649633770826e-02
4.068181647979102894e-02
3.777091339132696707e-02
3.471094527335233382e-02
3.151398846177890650e-02
2.819265992608590080e-02
2.476006747574189051e-02
2.122975802949907467e-02
1.761566415171810646e-02
1.393204906672091715e-02
1.019345036817547769e-02
6.414622645666444821e-03
2.610479254879323127e-03
-1.203966538794741135e-03
-5.013660810953407369e-03
-8.803568389340659869e-03
-1.255873219099794096e-02
-1.626433225123148293e-02
-1.990574421143469566e-02
-2.346859703494019733e-02
-2.693882972312251420e-02
-3.030274680791836261e-02
-3.354707240175994892e-02
-3.665900259161032626e-02
-3.962625597032484043e-02
-4.243712210591368134e-02
-4.508050775741886257e-02
-4.754598065501234455e-02
-4.982381067153442838e-02
-5.190500822298653449e-02
-5.378135974642912764e-02
-5.544546011526869239e-02
-5.689074186400556316e-02
-5.811150110710499445e-02
-5.910292004970157942e-02
-5.986108600129710910e-02
-6.038300681741319564e-02
-6.066662270825733116e-02
-6.071081436779894591e-02
-6.051540739117351048e-02
-6.008117296298108589e-02
-5.940982481376298752e-02
-5.850401245666807248e-02
-5.736731073100042461e-02
-5.600420569391532932e-02
-5.442007691594302754e-02
-5.262117625021158623e-02
-5.061460315915778524e-02
-4.840827669610007350e-02
-4.601090425225025371e-02
-4.343194719250541291e-02
-4.068158351564023917e-02
-3.777066768626379661e-02
-3.471068779706563967e-02
-3.151372023041327380e-02
-2.819238199823147217e-02
-2.475978094825653786e-02
-2.122946403317958405e-02
-1.761536384683745973e-02
-1.393174363844918232e-02
-1.019314102190246527e-02
-6.414310602244582653e-03
-2.610165745805489643e-03
1.204280276239390150e-03
5.013973538586436428e-03
8.803878872964921928e-03
1.255903920527238517e-02
1.626463458450704003e-02
1.990604067053612994e-02
2.346888644987502048e-02
2.693911095169845143e-02
3.030301874025103856e-02
3.354733396465314071e-02
3.665925275279142276e-02
3.962649374251870499e-02
4.243734655073898993e-02
4.508071798909153022e-02
4.754617584384127765e-02
4.982399004719591934e-02
5.190517107756449644e-02
5.378150543720879723e-02
5.544558806727326039e-02
5.689085157226526912e-02
5.811159213865004641e-02
5.910299204527088429e-02
5.986113867675612460e-02
6.038303996487522085e-02
6.066663619690403075e-02
6.071080814439663159e-02
6.051538148028319519e-02
6.008112746686156136e-02
5.940975991196722344e-02
5.850392840533465838e-02
5.736720786184266313e-02
5.600408441291215150e-02
5.441993770173668421e-02
5.262101965221879091e-02
5.061442979540128895e-02
4.840808725076967134e-02
4.601069947300261143e-02
4.343172788751328145e-02
4.068135055040309617e-02
3.777042198019199548e-02
3.471043031985199256e-02
3.151345199820603654e-02
2.819210406962412152e-02
2.475949442010992943e-02
2.122917003629313376e-02
1.761506354148635947e-02
1.393143820980536490e-02
1.019283167535722269e-02
6.413998558651418276e-03
2.609852236661950198e-03
-1.204594013651875874e-03
-5.014286266085564783e-03
-8.804189356354059567e-03
-1.255934621921141539e-02
-1.626493691734822236e-02
-1.990633712910594433e-02
-2.346917586418307416e-02
-2.693939217955494334e-02
-3.030329067177445559e-02
-3.354759552665045885e-02
-3.665950291299352459e-02
-3.962673151365431884e-02
-4.243757099443099673e-02
-4.508092821956029977e-02
-4.754637103140045562e-02
-4.982416942152688433e-02
-5.190533393075637270e-02
-5.378165112655232394e-02
-5.544571601779726272e-02
-5.689096127900583610e-02
-5.811168316864334660e-02
-5.910306403926195856e-02
-5.986119135061660629e-02
-6.038307311072479283e-02
-6.066664968393074148e-02
-6.071080191937318349e-02
-6.051535556777697805e-02
-6.008108196913770904e-02
-5.940969500858508945e-02
-5.850384435243910497e-02
-5.736710499115314776e-02
-5.600396313041359347e-02
-5.441979848607730180e-02
-5.262086305282095977e-02
-5.061425643029331817e-02
-4.840789780414669896e-02
-4.601049469252635471e-02
-4.343150858136139714e-02
-4.068111758407962075e-02
-3.777017627311159836e-02
-3.471017284171142719e-02
-3.151318376515726410e-02
-2.819182614026392170e-02
-2.475920789130211033e-02
-2.122887603883971339e-02
-1.761476323566480220e-02
-1.393113278078946145e-02
-1.019252232853971527e-02
-6.413686514886884904e-03
-2.609538727448619793e-03
1.204907751032297837e-03
5.014598993450896519e-03
8.804499839508208095e-03
1.255965323281518602e-02
1.626523924975519994e-02
1.990663358714430883e-02
2.346946527786455267e-02
2.693967340669218419e-02
3.030356260248878372e-02
3.354785708775206987e-02
3.665975307221686769e-02
3.962696928373195260e-02
4.243779543698993767e-02
4.508113844882538634e-02
4.754656621769012825e-02
4.982434879452747600e-02
5.190549678256226040e-02
5.378179681445974247e-02
5.544584396684072714e-02
5.689107098422722247e-02
5.811177419708484643e-02
5.910313603167471203e-02
5.986124402287854723e-02
6.038310625496184914e-02
6.066666316933733150e-02
6.071079569272840037e-02
6.051532965365464395e-02
6.008103646980934159e-02
5.940963010361634267e-02
5.850376029798107919e-02
5.736700211893148993e-02
5.600384184641930135e-02
5.441965926896441541e-02
5.262070645201766955e-02
5.061408306383348432e-02
4.840770835623078167e-02
4.601028991082117825e-02
4.343128927404945466e-02
4.068088461666954231e-02
3.776993056502233465e-02
3.470991536264375621e-02
3.151291553126676220e-02
2.819154821015070270e-02
2.475892136183295567e-02
2.122858204081926742e-02
1.761446292937274630e-02
1.393082735140141644e-02
1.019221298144991003e-02
6.413374470950968659e-03
2.609225218165502330e-03
-1.205221488380635872e-03
-5.014911720682403012e-03
-8.804810322427312000e-03
-1.255996024608361725e-02
-1.626554158172787215e-02
-1.990693004465111937e-02
-2.346975469091929639e-02
-2.693995463311001440e-02
-3.030383453239385988e-02
-3.354811864795774479e-02
-3.666000323046111203e-02
-3.962720705275120381e-02
-4.243801987841545192e-02
-4.508134867688651237e-02
-4.754676140270999024e-02
-4.982452816619744457e-02
-5.190565963298198610e-02
-5.378194250093087242e-02
-5.544597191440340384e-02
-5.689118068792924088e-02
-5.811186522397439325e-02
-5.910320802250903366e-02
-5.986129669354178784e-02
-6.038313939758629956e-02
-6.066667665312376612e-02
-6.071078946446228919e-02
-6.051530373791617207e-02
-6.008099096887643820e-02
-5.940956519706099698e-02
-5.850367624196063654e-02
-5.736689924517776595e-02
-5.600372056092934453e-02
-5.441952005039824708e-02
-5.262054984980912842e-02
-5.061390969602197476e-02
-4.840751890702212762e-02
-4.601008512788731797e-02
-4.343106996557772465e-02
-4.068065164817311063e-02
-3.776968485592447494e-02
-3.470965788264922247e-02
-3.151264729653480839e-02
-2.819127027928472126e-02
-2.475863483170271870e-02
-2.122828804223201790e-02
-1.761416262261039298e-02
-1.393052192164146059e-02
-1.019190363408804291e-02
-6.413062426843919341e-03
-2.608911708812848042e-03
1.205535225696641047e-03
5.015224447779833596e-03
8.805120805111123217e-03
1.256026725901647836e-02
1.626584391326600307e-02
1.990722650162613655e-02
2.347004410334712840e-02
2.694023585880826396e-02
