3.255196481413319409e-02
2.946566739632249660e-02
2.626308206843468510e-02
2.295684801320451579e-02
1.956001346888626424e-02
1.608598423364916014e-02
1.254847075884252261e-02
8.961434039930049611e-03
5.339030518637681230e-03
1.695556213761847605e-03
-1.954609698871059495e-03
-5.597061634629084924e-03
-9.217424452522941097e-03
-1.280141018750669164e-02
-1.633487443873369097e-02
-1.980387219122837009e-02
-2.319471285067040145e-02
-2.649401427409366072e-02
-2.968875558326435071e-02
-3.276632855230780794e-02
-3.571458736677950857e-02
-3.852189655780344224e-02
-4.117717692210299402e-02
-4.366994924669850842e-02
-4.599037566570952223e-02
-4.812929848604437233e-02
-5.007827632875016394e-02
-5.182961744338845933e-02
-5.337641006396007942e-02
-5.471254968657746770e-02
-5.583276316123202826e-02
-5.673262950257643156e-02
-5.740859733759148820e-02
-5.785799892127906768e-02
-5.807906066506746123e-02
-5.807091013637814825e-02
-5.783357950173006329e-02
-5.736800539979254598e-02
-5.667602524488819793e-02
-5.576036997553426161e-02
-5.462465327664046272e-02
-5.327335731789861056e-02
-5.171181506464848920e-02
-4.994618923103077979e-02
-4.798344795848981381e-02
-4.583133731561234853e-02
-4.349835072783311829e-02
-4.099369545765464001e-02
-3.832725626766911309e-02
-3.550955640978797206e-02
-3.255171609463772958e-02
-2.946540860502459488e-02
-2.626281422666871743e-02
-2.295657217802304917e-02
-1.955973072888832209e-02
-1.608569570468401308e-02
-1.254817757960592813e-02
-8.961137367470310353e-03
-5.338731523789316813e-03
-1.695256076524807561e-03
1.954909793988326809e-03
5.597360503284358642e-03
9.217720915214298871e-03
1.280170307422748635e-02
1.633516259359004894e-02
1.980415447700097087e-02
2.319498815330260991e-02
2.649428150708816807e-02
2.968901369197115073e-02
3.276657651808640576e-02
3.571482421101905558e-02
3.852212134578484465e-02
4.117738876668786824e-02
4.367014731183033183e-02
4.599055916971307723e-02
4.812946670471084099e-02
5.007842859819515435e-02
5.182975316267204868e-02
5.337652869745847239e-02
5.471265076609693051e-02
5.583284628785655651e-02
5.673269434824212282e-02
5.740864364638130490e-02
5.785802651043277234e-02
5.807906942570290054e-02
5.807090003392099964e-02
5.783355057605025357e-02
5.736795776504684946e-02
5.667595908906983282e-02
5.576028555973086553e-02
5.462455093400373635e-02
5.327323745232954294e-02
5.171167814920328565e-02
4.994603580605391779e-02
4.798327862948158218e-02
4.583115275083917556e-02
4.349815165569020231e-02
4.099348266379140154e-02
3.832703059188845296e-02
3.550931874273201283e-02
3.255146737427286330e-02
2.946514981293969077e-02
2.626254638420129350e-02
2.295629634222842372e-02
1.955944798836794715e-02
1.608540717528921665e-02
1.254788440003415731e-02
8.960840694771201806e-03
5.338432528798319095e-03
1.694955939242434205e-03
-1.955209889053445733e-03
-5.597659371790204147e-03
-9.218017377659541017e-03
-1.280199596060644512e-02
-1.633545074801019334e-02
-1.980443676224469957e-02
-2.319526345531537637e-02
-2.649454873937512334e-02
-2.968927179988507803e-02
-3.276682448298993272e-02
-3.571506105430477529e-02
-3.852234613273743113e-02
-4.117760061017302492e-02
-4.367034537579581738e-02
-4.599074267248838555e-02
-4.812963492209195587e-02
-5.007858086630272848e-02
-5.182988888057146054e-02
-5.337664732953143615e-02
-5.471275184415528431e-02
-5.583292941299008993e-02
-5.673275919239283149e-02
-5.740868995363807709e-02
-5.785805409804143512e-02
-5.807907818478739992e-02
-5.807088992991314008e-02
-5.783352164882604035e-02
-5.736791012876920476e-02
-5.667589293173797699e-02
-5.576020114243844528e-02
-5.462444858990833652e-02
-5.327311758533788411e-02
-5.171154123237718669e-02
-4.994588237974327549e-02
-4.798310929919197970e-02
-4.583096818484209273e-02
-4.349795258238570855e-02
-4.099326986883344848e-02
-3.832680491508429904e-02
-3.550908107472782599e-02
-3.255121865303878259e-02
-2.946489102006801322e-02
-2.626227854103260068e-02
-2.295602050582082332e-02
-1.955916524732530942e-02
-1.608511864546492351e-02
-1.254759122012735414e-02
-8.960544021832847136e-03
-5.338133533664814710e-03
-1.694655801914854605e-03
1.955509984066295271e-03
5.597958240146514754e-03
9.218313839858570391e-03
1.280228884664348643e-02
1.633573890199405479e-02
1.980471904695952495e-02
2.319553875670868348e-02
2.649481597095452654e-02
2.968952990700615344e-02
3.276707244701843741e-02
3.571529789663674403e-02
3.852257091866131966e-02
4.117781245255851957e-02
4.367054343859512466e-02
4.599092617403550270e-02
4.812980313818775863e-02
5.007873313307295571e-02
5.183002459708673654e-02
5.337676596017890823e-02
5.471285292075245277e-02
5.583301253663248281e-02
5.673282403502834942e-02
5.740873625936163127e-02
5.785808168410484786e-02
5.807908694232074426e-02
5.807087982435432671e-02
5.783349272005721547e-02
5.736786249095938289e-02
5.667582677289245002e-02
5.576011672365681349e-02
5.462434624435404812e-02
5.327299771692341201e-02
5.171140431416995642e-02
4.994572895209870023e-02
4.798293996762083291e-02
4.583078361762094044e-02
4.349775350791944967e-02
4.099305707278062816e-02
3.832657923725648480e-02
3.550884340577525888e-02
3.255096993093530705e-02
2.946463222640936450e-02
2.626201069716248629e-02
2.295574466880009878e-02
1.955888250576026319e-02
1.608483011521100875e-02
1.254729803988540414e-02
8.960247348655137056e-03
5.337834538388699576e-03
1.694355664541971401e-03
-1.955810079026957388e-03
-5.598257108353351177e-03
-9.218610301811428626e-03
-1.280258173233862935e-02
-1.633602705554165063e-02
-1.980500133114542274e-02
-2.319581405748250350e-02
-2.649508320182631868e-02
-2.968978801333427633e-02
-3.276732041017178798e-02
-3.571553473801480222e-02
-3.852279570355632288e-02
-4.117802429384427587e-02
-4.367074150022807327e-02
-4.599110967435428993e-02
-4.812997135299808965e-02
-5.007888539850564175e-02
-5.183016031221770320e-02
-5.337688458940076375e-02
-5.471295399588833874e-02
-5.583309565878370045e-02
-5.673288887614867659e-02
-5.740878256355193276e-02
-5.785810926862304526e-02
-5.807909569830298907e-02
-5.807086971724462199e-02
-5.783346378974384139e-02
-5.736781485161744631e-02
-5.667576061253332131e-02
-5.576003230338601874e-02
-5.462424389734095442e-02
-5.327287784708624463e-02
-5.171126739458173360e-02
-4.994557552312028914e-02
-4.798277063476830140e-02
-4.583059904917587135e-02
-4.349755443229161300e-02
-4.099284427563312100e-02
-3.832635355840521146e-02
-3.550860573587447805e-02
-3.255072120796262403e-02
-2.946437343196393888e-02
-2.626174285259111688e-02
-2.295546883116642359e-02
-1.955859976367296804e-02
-1.608454158452762503e-02
-1.254700485930846342e-02
-8.959950675238246773e-03
-5.337535542970140226e-03
-1.694055527123944187e-03
1.956110173935289402e-03
5.598555976410589385e-03
9.218906763518013373e-03
1.280287461769180277e-02
1.633631520865293230e-02
1.980528361480236865e-02
2.319608935763682600e-02
2.649535043199050671e-02
2.969004611886950223e-02
3.276756837245008158e-02
3.571577157843913025e-02
3.852302048742262119e-02
4.117823613403039096e-02
4.367093956069481586e-02
4.599129317344494844e-02
4.813013956652317099e-02
5.007903766260101558e-02
5.183029602596461033e-02
5.337700321719729413e-02
5.471305506956323367e-02
5.583317877944398572e-02
5.673295371575401425e-02
5.740882886620919667e-02
5.785813685159619385e-02
5.807910445273425926e-02
5.807085960858418550e-02
5.783343485788611932e-02
5.736776721074360319e-02
5.667569445066069495e-02
5.575994788162624144e-02
5.462414154886919421e-02
5.327275797582647215e-02
5.171113047361260151e-02
4.994542209280810469e-02
4.798260130063441986e-02
4.583041447950695485e-02
4.349735535550216387e-02
4.099263147739092700e-02
3.832612787853043046e-02
3.550836806502539328e-02
