-1.763680814815715703e-02
-1.472293366343435835e-02
-1.175095429471567296e-02
-8.732599125375726037e-03
-5.679780263489044544e-03
-2.604545830026990926e-03
4.809675897278243044e-04
3.564582843896503192e-03
6.634130271817161029e-03
9.677495732293726893e-03
1.268266841273405811e-02
1.563778823049591024e-02
1.853119263936871611e-02
2.135146265646672287e-02
2.408746792788582503e-02
2.672841065526995047e-02
2.926386820992819479e-02
3.168383426632396388e-02
3.397875829260030289e-02
3.613958324228980917e-02
3.815778129845683736e-02
4.002538752920568876e-02
4.173503132173131402e-02
4.327996547085641993e-02
4.465409280725534530e-02
4.585199026027501901e-02
4.686893026038767979e-02
4.770089939680934032e-02
4.834461425665059070e-02
4.879753438308992441e-02
4.905787230142920341e-02
4.912460057346280246e-02
4.899745585232014727e-02
4.867693992177896806e-02
4.816431771594741063e-02
4.746161232713060063e-02
4.657159702158335246e-02
4.549778429465919927e-02
4.424441200855040029e-02
4.281642666732691366e-02
4.121946389528048649e-02
3.945982619561716476e-02
3.754445807727453677e-02
3.548091864802755541e-02
3.327735178204550143e-02
3.094245397963546126e-02
2.848544004601577875e-02
2.591600672457012450e-02
2.324429442810554622e-02
2.048084721914416803e-02
1.763657119718871694e-02
1.472269145718874822e-02
1.175070778907343072e-02
8.732349293185205641e-03
5.679528090727008031e-03
2.604292311907395983e-03
-4.812214526814910260e-04
-3.564836049799846151e-03
-6.634381821378871995e-03
-9.677744632759339993e-03
-1.268291368180391593e-02
-1.563802890020187311e-02
-1.853142775989427560e-02
-2.135169129989552411e-02
-2.408768919186374952e-02
-2.672862366656629518e-02
-2.926407212788192588e-02
-3.168402828616145167e-02
-3.397894164861135768e-02
-3.613975521084963199e-02
-3.815794120088186053e-02
-4.002553473443200976e-02
-4.173516524880522410e-02
-4.328008559122724364e-02
-4.465419864686126505e-02
-4.585208140141413397e-02
-4.686900634336636090e-02
-4.770096012136182395e-02
-4.834465938312400290e-02
-4.879756373339012854e-02
-4.905788575972361981e-02
-4.912459808663748040e-02
-4.899743743018950687e-02
-4.867690563704699103e-02
-4.816426770392066847e-02
-4.746154678518437614e-02
-4.657151620838261702e-02
-4.549768852913781136e-02
-4.424430166865234854e-02
-4.281630218851479458e-02
-4.121932576881693483e-02
-3.945967496662598772e-02
-3.754429434258945569e-02
-3.548074305383668720e-02
-3.327716502134119708e-02
-3.094225678947930616e-02
-2.848523320462979444e-02
-2.591579104826545119e-02
-2.324407076806081843e-02
-2.048061645804629891e-02
-1.763633424574933065e-02
-1.472244925054999945e-02
-1.175046128311741170e-02
-8.732099460761505449e-03
-5.679275917813309850e-03
-2.604038793718258579e-03
4.814753156223090845e-04
3.565089255608000062e-03
6.634633370763427795e-03
9.677993532966534806e-03
1.268315895053511583e-02
1.563826956949025682e-02
1.853166287992498440e-02
2.135191994275417032e-02
2.408791045519846977e-02
2.672883667714889833e-02
2.926427604505420568e-02
3.168422230515282462e-02
3.397912500371500638e-02
3.613992717844435182e-02
3.815810110228787938e-02
4.002568193858945661e-02
4.173529917476467843e-02
4.328020571044231823e-02
4.465430448527476365e-02
4.585217254132879783e-02
4.686908242509340433e-02
4.770102084464043768e-02
4.834470450830637145e-02
4.879759308238723614e-02
4.905789921670794529e-02
4.912459559850031882e-02
4.899741900675040618e-02
4.867687135101506773e-02
4.816421769060770519e-02
4.746148124197072105e-02
4.657143539393822362e-02
4.549759276240140926e-02
4.424419132757276274e-02
4.281617770855929150e-02
4.121918764125264562e-02
3.945952373658109802e-02
3.754413060690178078e-02
3.548056745869833384e-02
3.327697825974824247e-02
3.094205959849685023e-02
2.848502636248310960e-02
2.591557537126867525e-02
2.324384710739531984e-02
2.048038569640145759e-02
1.763609729383893571e-02
1.472220704351806173e-02
1.175021477684757426e-02
8.731849628104597708e-03
5.679023744747934387e-03
2.603785275459569604e-03
-4.817291785502746853e-04
-3.565342461320951482e-03
-6.634884919970809349e-03
-9.678242432915287047e-03
-1.268340421892761964e-02
-1.563851023836103013e-02
-1.853189799946083557e-02
-2.135214858504263374e-02
-2.408813171788993721e-02
-2.672904968701774256e-02
-2.926447996144500643e-02
-3.168441632329811047e-02
-3.397930835791126286e-02
-3.614009914507397558e-02
-3.815826100267490778e-02
-4.002582914167802930e-02
-4.173543309960954517e-02
-4.328032582850158128e-02
-4.465441032249577169e-02
-4.585226368001899672e-02
-4.686915850556885865e-02
-4.770108156664525090e-02
-4.834474963219775184e-02
-4.879762243008118477e-02
-4.905791267238219372e-02
-4.912459310905128301e-02
-4.899740058200284520e-02
-4.867683706368326757e-02
-4.816416767600855547e-02
-4.746141569748963535e-02
-4.657135457825016533e-02
-4.549749699445000684e-02
-4.424408098531162209e-02
-4.281605322746031422e-02
-4.121904951258749394e-02
-3.945937250548230829e-02
-3.754396687021138018e-02
-3.548039186261237737e-02
-3.327679149726651270e-02
-3.094186240668798590e-02
-2.848481951957563402e-02
-2.591535969357975852e-02
-2.324362344610905740e-02
-2.048015493420966490e-02
-1.763586034145754253e-02
-1.472196483609294546e-02
-1.174996827026393055e-02
-8.731599795214494558e-03
-5.678771571530891182e-03
-2.603531757131342939e-03
4.819830414653736251e-04
3.565595666938679593e-03
6.635136469000986296e-03
9.678491332605544673e-03
1.268364948698136145e-02
1.563875090681412020e-02
1.853213311850171810e-02
2.135237722676082764e-02
2.408835297993805469e-02
2.672926269617269951e-02
2.926468387705421711e-02
3.168461034059719822e-02
3.397949171120005774e-02
3.614027111073840615e-02
3.815842090204284165e-02
4.002597634369764457e-02
4.173556702333978963e-02
4.328044594540494255e-02
4.465451615852416428e-02
4.585235481748456410e-02
4.686923458479249488e-02
4.770114228737604850e-02
4.834479475479794980e-02
4.879765177647190505e-02
4.905792612674621939e-02
4.912459061829019952e-02
4.899738215594660190e-02
4.867680277505132685e-02
4.816411766012294871e-02
4.746135015174085536e-02
4.657127376131821317e-02
4.549740122528343061e-02
4.424397064186880169e-02
4.281592874521786968e-02
4.121891138282157696e-02
3.945922127332976426e-02
3.754380313251842044e-02
3.548021626557896352e-02
3.327660473389619511e-02
3.094166521405290055e-02
2.848461267590758281e-02
2.591514401519886060e-02
2.324339978420215599e-02
2.047992417147103186e-02
1.763562338860527254e-02
1.472172262827476860e-02
1.174972176336659159e-02
8.731349962091305289e-03
5.678519398162292127e-03
2.603278238733679195e-03
-4.822369043675147227e-04
-3.565848872461106333e-03
-6.635388017853893587e-03
-9.678740232037269520e-03
-1.268389475469632391e-02
-1.563899157484952354e-02
-1.853236823704764585e-02
-2.135260586790875201e-02
-2.408857424134283956e-02
-2.672947570461379693e-02
-2.926488779188186895e-02
-3.168480435705006704e-02
-3.397967506358132855e-02
-3.614044307543762963e-02
-3.815858080039168793e-02
-4.002612354464830241e-02
-4.173570094595542568e-02
-4.328056606115243676e-02
-4.465462199335996224e-02
-4.585244595372561793e-02
-4.686931066276447261e-02
-4.770120300683296927e-02
-4.834483987610706246e-02
-4.879768112155945248e-02
-4.905793957980014719e-02
-4.912458812621731813e-02
-4.899736372858194688e-02
-4.867676848511957866e-02
-4.816406764295121101e-02
-4.746128460472470723e-02
-4.657119294314263774e-02
-4.549730545490190958e-02
-4.424386029724448888e-02
-4.281580426183206195e-02
-4.121877325195489467e-02
-3.945907004012342428e-02
-3.754363939382276971e-02
-3.548004066759794656e-02
-3.327641796963713011e-02
-3.094146802059138598e-02
-2.848440583147870617e-02
-2.591492833612576638e-02
-2.324317612167440400e-02
-2.047969340818535031e-02
