3.636354530485570139e-04
-1.403343016852731488e-03
-3.164783114778386888e-03
-4.913733218524888278e-03
-6.643290998351719483e-03
-8.346630657413060470e-03
-1.001702987014814646e-02
-1.164789631231632344e-02
-1.323279367797469165e-02
-1.476546708072070876e-02
-1.623986773895241126e-02
-1.765017684772451911e-02
-1.899082854298868653e-02
-2.025653186758832533e-02
-2.144229165231801779e-02
-2.254342822963910017e-02
-2.355559590225025576e-02
-2.447480009362577175e-02
-2.529741311283602301e-02
-2.602018847143328789e-02
-2.664027369590065211e-02
-2.715522158509879255e-02
-2.756299986828263451e-02
-2.786199922557191025e-02
-2.805103963922239360e-02
-2.812937505063210775e-02
-2.809669630470352716e-02
-2.795313236994148229e-02
-2.769924982947172612e-02
-2.733605064498884421e-02
-2.686496820245817818e-02
-2.628786165517765783e-02
-2.560700858652499232e-02
-2.482509602134704702e-02
-2.394520982146547405e-02
-2.297082250714982399e-02
-2.190577955262145576e-02
-2.075428420967366863e-02
-1.952088091930261060e-02
-1.821043737681585922e-02
-1.682812532119968424e-02
-1.537940012456088211e-02
-1.386997926219457090e-02
-1.230581974824710052e-02
-1.069309462602537411e-02
-9.038168605734985678e-03
-7.347572945794193962e-03
-5.627979676856020852e-03
-3.886175270264819598e-03
-2.129033854866247029e-03
-3.634900878719753798e-04
1.403488213154185753e-03
3.164927569179362167e-03
4.913876360927986464e-03
6.643432263837412317e-03
8.346769488469187384e-03
1.001716571887014025e-02
1.164802864256958906e-02
1.323292196751045709e-02
1.476559082323711074e-02
1.623998644609266420e-02
1.765029005100423806e-02
1.899093579564476927e-02
2.025663274634215139e-02
2.144238575904593505e-02
2.254351519294362644e-02
2.355567537892582289e-02
2.447487177001321859e-02
2.529747670606046633e-02
2.602024373052047937e-02
2.664032040276750543e-02
2.715525955541403177e-02
2.756302895219429547e-02
2.786201930829871817e-02
2.805105064150670985e-02
2.812937692905281839e-02
2.809668905184733306e-02
2.795311601443219510e-02
2.769922443585726840e-02
2.733601631348653999e-02
2.686492506855922557e-02
2.628780988911241442e-02
2.560694839259114799e-02
2.482502763710333141e-02
2.394513351679413912e-02
2.297073858319154810e-02
2.190568834058683953e-02
2.075418606953612771e-02
1.952077623837773085e-02
1.821032656823276877e-02
1.682800882227066322e-02
1.537927839505548976e-02
1.386985278252514213e-02
1.230568901757275214e-02
1.069296016028205634e-02
9.038030935599301874e-03
7.347432614589056825e-03
5.627837238406401509e-03
3.886031286712054132e-03
2.128888894449508604e-03
3.633447226856843359e-04
-1.403633409418163919e-03
-3.165072023495822586e-03
-4.914019503199861492e-03
-6.643573529145693247e-03
-8.346908319302405801e-03
-1.001730156732462233e-02
-1.164816097251177712e-02
-1.323305025669281251e-02
-1.476571456535918057e-02
-1.624010515279922587e-02
-1.765040325381259795e-02
-1.899104304779368826e-02
-2.025673362455501433e-02
-2.144247986520120622e-02
-2.254360215564607875e-02
-2.355575485497227520e-02
-2.447494344574699734e-02
-2.529754029860924874e-02
-2.602029898891272328e-02
-2.664036710892285845e-02
-2.715529752500404903e-02
-2.756305803536983692e-02
-2.786203939028140258e-02
-2.805106164304188229e-02
-2.812937880672228275e-02
-2.809668179824077391e-02
-2.795309965817636272e-02
-2.769919904150306561e-02
-2.733598198125420514e-02
-2.686488193394282950e-02
-2.628775812234514925e-02
-2.560688819797345833e-02
-2.482495925219667041e-02
-2.394505721148337818e-02
-2.297065465861986358e-02
-2.190559712796727107e-02
-2.075408792884440856e-02
-1.952067155693159098e-02
-1.821021575916342491e-02
-1.682789232289232106e-02
-1.537915666513947274e-02
-1.386972630248540367e-02
-1.230555828656986449e-02
-1.069282569425325860e-02
-9.037893265222321504e-03
-7.347292283187761494e-03
-5.627694799806544704e-03
-3.885887303055565647e-03
-2.128743933975968394e-03
-3.631993574897373332e-04
1.403778605644614161e-03
3.165216477727717838e-03
4.914162645340469128e-03
6.643714794276522374e-03
8.347047149912687966e-03
1.001743741551155975e-02
1.164829330214288070e-02
1.323317854552176660e-02
1.476583830708692174e-02
1.624022385907206850e-02
1.765051645614958836e-02
1.899115029943544697e-02
2.025683450222692111e-02
2.144257397078386598e-02
2.254368911774655426e-02
2.355583433038972371e-02
2.447501512082722250e-02
2.529760389048252636e-02
2.602035424661016880e-02
2.664041381436686035e-02
2.715533549386893453e-02
2.756308711780936990e-02
2.786205947152008491e-02
2.805107264382799420e-02
2.812938068364061184e-02
2.809667454388393992e-02
2.795308330117409965e-02
2.769917364640919755e-02
2.733594764829188478e-02
2.686483879860903853e-02
2.628770635487589005e-02
2.560682800267194761e-02
2.482489086662705013e-02
2.394498090553313224e-02
2.297057073343471839e-02
2.190550591476267753e-02
2.075398978759839669e-02
1.952056687496408344e-02
1.821010494960769582e-02
1.682777582306450512e-02
1.537903493481268362e-02
1.386959982207520113e-02
1.230542755523828836e-02
1.069269122793884384e-02
9.037755594603924872e-03
7.347151951590207355e-03
5.627552361056356763e-03
3.885743319295267405e-03
2.128598973445548336e-03
3.630539922840647659e-04
-1.403923801833595894e-03
-3.165360931875102132e-03
-4.914305787349857076e-03
-6.643856059229938729e-03
-8.347185980300066838e-03
-1.001757326343098546e-02
-1.164842563146291192e-02
-1.323330683399730895e-02
-1.476596204842030649e-02
-1.624034256491119904e-02
-1.765062965801520931e-02
-1.899125755057004192e-02
-2.025693537935785438e-02
-2.144266807579389006e-02
-2.254377607924493848e-02
-2.355591380517805394e-02
-2.447508679525378997e-02
-2.529766748168018123e-02
-2.602040950361267715e-02
-2.664046051909936541e-02
-2.715537346200859112e-02
-2.756311619951277991e-02
-2.786207955201466802e-02
-2.805108364386494149e-02
-2.812938255980767036e-02
-2.809666728877670966e-02
-2.795306694342526710e-02
-2.769914825057553931e-02
-2.733591331459949564e-02
-2.686479566255774859e-02
-2.628765458670455357e-02
-2.560676780668658115e-02
-2.482482248039446365e-02
-2.394490459894343948e-02
-2.297048680763615069e-02
-2.190541470097311788e-02
-2.075389164579816495e-02
-1.952046219247530884e-02
-1.820999413956569599e-02
-1.682765932278733681e-02
-1.537891320407522820e-02
-1.386947334129463860e-02
-1.230529682357811572e-02
-1.069255676133890054e-02
-9.037617923744190040e-03
-7.347011619796458594e-03
-5.627409922155894931e-03
-3.885599335431205812e-03
-2.128454012858289196e-03
-3.629086270686993770e-04
1.404068997985086784e-03
3.165505385937957689e-03
4.914448929228008855e-03
6.643997324005933638e-03
8.347324810464533743e-03
1.001770911108289253e-02
1.164855796047187947e-02
1.323343512211947771e-02
1.476608578935940073e-02
1.624046127031665218e-02
1.765074285940947466e-02
1.899136480119746617e-02
2.025703625594782800e-02
2.144276218023126110e-02
2.254386304014128692e-02
2.355599327933733528e-02
2.447515846902674833e-02
2.529773107220226538e-02
2.602046475992031427e-02
2.664050722312043956e-02
2.715541142942305003e-02
2.756314528048009818e-02
2.786209963176518659e-02
2.805109464315279355e-02
2.812938443522353810e-02
2.809666003291918027e-02
2.795305058492998304e-02
2.769912285400220886e-02
2.733587898017713486e-02
2.686475252578907069e-02
2.628760281783124042e-02
2.560670761001740056e-02
2.482475409349895953e-02
2.394482829171432417e-02
2.297040288122418131e-02
2.190532348659858519e-02
2.075379350344372723e-02
1.952035750946527759e-02
1.820988332903743928e-02
1.682754282206080226e-02
1.537879147292708568e-02
1.386934686014370220e-02
1.230516609158934828e-02
1.069242229445342349e-02
9.037480252643118744e-03
7.346871287806527352e-03
5.627267483105171351e-03
3.885455351463394311e-03
2.128309052214201816e-03
