1.087346077679658685e-02
1.469244297024392167e-02
1.845344061292726948e-02
2.214161071657183913e-02
2.574239771087292322e-02
2.924159088787107313e-02
3.262538048530853885e-02
3.588041218763106388e-02
3.899383982954373468e-02
4.195337609412330693e-02
4.474734100540397191e-02
4.736470802405808034e-02
4.979514756425235111e-02
5.202906775993820787e-02
5.405765231968937684e-02
5.587289532069084075e-02
5.746763280456252537e-02
5.883557105032309609e-02
5.997131141291303646e-02
6.087037162925038741e-02
6.152920350773359581e-02
6.194520693137862272e-02
6.211674011932680900e-02
6.204312610622497726e-02
6.172465541390722427e-02
6.116258490483428983e-02
6.035913282181524370e-02
5.931747003358774778e-02
5.804170752080663187e-02
5.653688015182802701e-02
5.480892681231881725e-02
5.286466696711107638e-02
5.071177374680128913e-02
4.835874366530999724e-02
4.581486308791256346e-02
4.309017158207752163e-02
4.019542229575015502e-02
3.714203951945053289e-02
3.394207359966993492e-02
3.060815338150201653e-02
2.715343636819688572e-02
2.359155679433615552e-02
1.993657181756093577e-02
1.620290604121028821e-02
1.240529458681456990e-02
8.558724941111376522e-03
4.678377807087965093e-03
7.795671924849408539e-04
-3.122320027794765664e-03
-7.011884836851250968e-03
-1.087377684887206805e-02
-1.469275489029135857e-02
-1.845374714993669452e-02
-2.214191066077772843e-02
-2.574268987852865870e-02
-2.924187412592059790e-02
-3.262565367593697752e-02
-3.588067425267626315e-02
-3.899408973475132489e-02
-4.195361285322835726e-02
-4.474756368402337675e-02
-4.736491574337814425e-02
-4.979533950449713947e-02
-5.202924316360475754e-02
-5.405781049453729087e-02
-5.587303564247422111e-02
-5.746775471949356479e-02
-5.883567407725765613e-02
-5.997139514524956611e-02
-6.087043573653452139e-02
-6.152924773696229893e-02
-6.194523110799882160e-02
-6.211674414792406340e-02
-6.204310997090022040e-02
-6.172461917833941408e-02
-6.116252871202914471e-02
-6.035905689354079812e-02
-5.931737466949920518e-02
-5.804159309726376198e-02
-5.653674712040971523e-02
-5.480877569804103178e-02
-5.286449836635477573e-02
-5.071158832495886726e-02
-4.835854215415914814e-02
-4.581464628272832046e-02
-4.308994033849374017e-02
-4.019517752638259583e-02
-3.714178219029529854e-02
-3.394180472629092921e-02
-3.060787402502310531e-02
-2.715314763111411137e-02
-2.359125981616662371e-02
-1.993626777034566283e-02
-1.620259612488865464e-02
-1.240498002448874731e-02
-8.558406974219241042e-03
-4.678057690503696978e-03
-7.792461895666050751e-04
3.122640650191135184e-03
7.012203813371372697e-03
1.087409292065720165e-02
1.469306680994646695e-02
1.845405368645334707e-02
2.214221060439236846e-02
2.574298204549697183e-02
2.924215736318924730e-02
3.262592686569418254e-02
3.588093631676334688e-02
3.899433963891763000e-02
4.195384961121303991e-02
4.474778636144777916e-02
4.736512346143333108e-02
4.979553144341213045e-02
5.202941856588186309e-02
5.405796866794158190e-02
5.587317596276545478e-02
5.746787663288984577e-02
5.883577710262093141e-02
5.997147887598443250e-02
6.087049984219297660e-02
6.152929196454776789e-02
6.194525528296462163e-02
6.211674817486238093e-02
6.204309383391846955e-02
6.172458294112313087e-02
6.116247251759053538e-02
6.035898096365437809e-02
5.931727930382653391e-02
5.804147867217077789e-02
5.653661408748151401e-02
5.480862458229952133e-02
5.286432976418669466e-02
5.071140290176216064e-02
4.835834064171685293e-02
4.581442947632061169e-02
4.308970909375926112e-02
4.019493275594169385e-02
3.714152486014819787e-02
3.394153585200554435e-02
3.060759466772686871e-02
2.715285889330626770e-02
2.359096283736713401e-02
1.993596372259803448e-02
1.620228620813440878e-02
1.240466546183173827e-02
8.558089007098639012e-03
4.677737573794595559e-03
7.789251866275598421e-04
-3.122961272504010295e-03
-7.012522789704124342e-03
-1.087440899215183499e-02
-1.469337872920908721e-02
-1.845436022247707794e-02
-2.214251054741558922e-02
-2.574327421177770997e-02
-2.924244059967687562e-02
-3.262620005458002903e-02
-3.588119837989211386e-02
-3.899458954204248345e-02
-4.195408636807728547e-02
-4.474800903767714444e-02
-4.736533117822359223e-02
-4.979572338099733791e-02
-5.202959396676956616e-02
-5.405812683990230544e-02
-5.587331628156464586e-02
-5.746799854475150710e-02
-5.883588012641308151e-02
-5.997156260511791320e-02
-6.087056394622604449e-02
-6.152933619049021780e-02
-6.194527945627632121e-02
-6.211675220014199056e-02
-6.204307769527999533e-02
-6.172454670225862444e-02
-6.116241632151869084e-02
-6.035890503215617098e-02
-5.931718393656985888e-02
-5.804136424552786694e-02
-5.653648105304352744e-02
-5.480847346509436224e-02
-5.286416116060691645e-02
-5.071121747721122480e-02
-4.835813912798313241e-02
-4.581421266868940939e-02
-4.308947784787406365e-02
-4.019468798442733803e-02
-3.714126752900922396e-02
-3.394126697681370403e-02
-3.060731530961324082e-02
-2.715257015477330615e-02
-2.359066585793766560e-02
-1.993565967431803337e-02
-1.620197629094746392e-02
-1.240435089884342652e-02
-8.557771039749459407e-03
-4.677417456960531600e-03
-7.786041836676632329e-04
3.123281894733543652e-03
7.012841765849670700e-03
1.087472506335613633e-02
1.469369064807939627e-02
1.845466675800806755e-02
2.214281048984758499e-02
2.574356637737105352e-02
2.924272383538365980e-02
3.262647324259463494e-02
3.588146044206272367e-02
3.899483944412602404e-02
4.195432312382116335e-02
4.474823171271152811e-02
4.736553889374896936e-02
4.979591531725269249e-02
5.202976936626769328e-02
5.405828501041926720e-02
5.587345659887165555e-02
5.746812045507843081e-02
5.883598314863393297e-02
5.997164633264972372e-02
6.087062804863339893e-02
6.152938041478940578e-02
6.194530362793364969e-02
6.211675622376267025e-02
6.204306155498456876e-02
6.172451046174567968e-02
6.116236012381345843e-02
6.035882909904601717e-02
5.931708856772906907e-02
5.804124981733493199e-02
5.653634801709575552e-02
5.480832234642556144e-02
5.286399255561540639e-02
5.071103205130603891e-02
4.835793761295804905e-02
4.581399585983474132e-02
4.308924660083814778e-02
4.019444321183955615e-02
3.714101019687834210e-02
3.394099810071547069e-02
3.060703595068220428e-02
2.715228141551519550e-02
2.359036887787815950e-02
1.993535562550561441e-02
1.620166637332783391e-02
1.240403633552386066e-02
8.557453072171750802e-03
4.677097340001573622e-03
7.782831806870015500e-04
-3.123602516879629004e-03
-7.013160741807888607e-03
-1.087504113426996516e-02
-1.469400256655723803e-02
-1.845497329304614242e-02
-2.214311043168815454e-02
-2.574385854227682555e-02
-2.924300707030943330e-02
-3.262674642973788230e-02
-3.588172250327505142e-02
-3.899508934516814768e-02
-4.195455987844460416e-02
-4.474845438655087465e-02
-4.736574660800938613e-02
-4.979610725217822192e-02
-5.202994476437636934e-02
-5.405844317949260597e-02
-5.587359691468655326e-02
-5.746824236387064466e-02
-5.883608616928358293e-02
-5.997173005858001671e-02
-6.087069214941526890e-02
-6.152942463744549839e-02
-6.194532779793676669e-02
-6.211676024572453797e-02
-6.204304541303228698e-02
-6.172447421958434516e-02
-6.116230392447484510e-02
-6.035875316432394444e-02
-5.931699319730417835e-02
-5.804113538759197305e-02
-5.653621497963811499e-02
-5.480817122629301485e-02
-5.286382394921206040e-02
-5.071084662404654747e-02
-4.835773609664149875e-02
-4.581377904975658666e-02
-4.308901535265151350e-02
-4.019419843817843840e-02
-3.714075286375569107e-02
-3.394072922371087903e-02
-3.060675659093387013e-02
-2.715199267553203288e-02
-2.359007189718873368e-02
-1.993505157616087820e-02
-1.620135645527558815e-02
-1.240372177187309272e-02
-8.557135104365560033e-03
-4.676777222917755453e-03
-7.779621776855911650e-04
3.123923138942273289e-03
7.013479717578798879e-03
