3.203085703201442175e-02
3.708534949993841368e-02
4.199348255472503538e-02
4.673588597381508891e-02
5.129384359595789977e-02
5.564936718559205381e-02
5.978526742442660108e-02
6.368522175005048025e-02
6.733383877384101213e-02
7.071671902394292830e-02
7.382051177359233440e-02
7.663296773050903843e-02
7.914298737941601047e-02
8.134066478689933044e-02
8.321732669573032870e-02
8.476556675436225374e-02
8.597927474651211044e-02
8.685366070547201334e-02
8.738527381798195937e-02
8.757201604305772658e-02
8.741315039202758597e-02
8.690930383709931373e-02
8.606246483697921335e-02
8.487597548930832236e-02
8.335451834088640488e-02
8.150409790773820162e-02
7.933201697795401464e-02
7.684684779082665007e-02
7.405839820602788670e-02
7.097767299633998828e-02
6.761683041670203675e-02
6.398913422097458892e-02
6.010890131579088580e-02
5.599144525808095324e-02
5.165301581925996199e-02
4.711073485459330717e-02
4.238252873083380584e-02
3.748705757880933104e-02
3.244364165016923318e-02
2.727218506892676794e-02
2.199309727871676459e-02
1.662721249578077293e-02
1.119570748556347230e-02
5.720017987419273933e-03
2.217541172639548447e-04
-5.277384917960621993e-03
-1.075569645742452743e-02
-1.619156003717876421e-02
-2.156352271652962199e-02
-2.685038374327312904e-02
-3.203127822365348099e-02
-3.708575946683725227e-02
-4.199387967892626722e-02
-4.673626868804575674e-02
-5.129421038981481218e-02
-5.564971661150266286e-02
-5.978559810336196018e-02
-6.368553237696762681e-02
-6.733412812283333382e-02
-7.071698595307845947e-02
-7.382075522942026236e-02
-7.663318675221723886e-02
-7.914318110262300032e-02
-8.134083244706558080e-02
-8.321746763117565671e-02
-8.476568040887703936e-02
-8.597936067155233231e-02
-8.685371856192977691e-02
-8.738530337752346833e-02
-8.757201718902456189e-02
-8.741312311989708761e-02
-8.690924825450248303e-02
-8.606238116327599719e-02
-8.487586405472159756e-02
-8.335437958519903434e-02
-8.150393237855725614e-02
-7.933182532854970992e-02
-7.684663077755413130e-02
-7.405815668534224128e-02
-7.097740792141606081e-02
-6.761654283367292406e-02
-6.398882526480290101e-02
-6.010857220578950250e-02
-5.599109729310092903e-02
-5.165265037256464020e-02
-4.711035336843855809e-02
-4.238213271077617694e-02
-3.748664858776424441e-02
-3.244322130224274597e-02
-2.727175502304557408e-02
-2.199265923208108126e-02
-1.662676817716622971e-02
-1.119525864849840735e-02
-5.719566403264359118e-03
-2.213015682214039309e-04
5.277836645880613908e-03
1.075614558145237404e-02
1.619200478482127684e-02
2.156396133256527001e-02
2.685081449667910819e-02
3.203169941443730073e-02
3.708616943274583438e-02
4.199427680200615298e-02
4.673665140102844368e-02
5.129457718230200081e-02
5.565006603592723838e-02
5.978592878070085326e-02
6.368584300218410599e-02
6.733441747002753830e-02
7.071725288032548740e-02
7.382099868327671177e-02
7.663340577187885416e-02
7.914337482371637533e-02
8.134100010505952716e-02
8.321760856439851251e-02
8.476579406112787207e-02
8.597944659429621050e-02
8.685377641606777110e-02
8.738533293473087216e-02
8.757201833265229607e-02
8.741309584543179023e-02
8.690919266958431477e-02
8.606229748727389772e-02
8.487575261786767244e-02
8.335424082728511153e-02
8.150376684719928821e-02
7.933163367702644742e-02
7.684641376222908771e-02
7.405791516267856700e-02
7.097714284459655243e-02
6.761625524883804750e-02
6.398851630692237169e-02
6.010824309418291017e-02
5.599074932662573278e-02
5.165228492449005365e-02
4.710997188102590549e-02
4.238173668958693241e-02
3.748623959571821540e-02
3.244280095345003501e-02
2.727132497643629250e-02
2.199222118485828423e-02
1.662632385810787830e-02
1.119480981113461435e-02
5.719114818956958640e-03
2.208490191732128348e-04
-5.278288373659380250e-03
-1.075659470519269023e-02
-1.619244953203109391e-02
-2.156439994802476084e-02
-2.685124524936774101e-02
-3.203212060436541608e-02
-3.708657939766375061e-02
-4.199467392396430410e-02
-4.673703411276272646e-02
-5.129494397341910483e-02
-5.565041545886541263e-02
-5.978625945644282930e-02
-6.368615362569954308e-02
-6.733470681542336189e-02
-7.071751980568374840e-02
-7.382124213516158551e-02
-7.663362478949375944e-02
-7.914356854269596897e-02
-8.134116776088103073e-02
-8.321774949539882671e-02
-8.476590771111494615e-02
-8.597953251474395320e-02
-8.685383426788628736e-02
-8.738536248960479536e-02
-8.757201947394162300e-02
-8.741306856863235997e-02
-8.690913708234561386e-02
-8.606221380897401130e-02
-8.487564117874769887e-02
-8.335410206714574666e-02
-8.150360131366522765e-02
-7.933144202338507367e-02
-7.684619674485226870e-02
-7.405767363803748837e-02
-7.097687776588179620e-02
-6.761596766219769850e-02
-6.398820734733320914e-02
-6.010791398097126148e-02
-5.599040135865539225e-02
-5.165191947503612602e-02
-4.710959039235520368e-02
-4.238134066726588489e-02
-3.748583060267114686e-02
-3.244238060379095456e-02
-2.727089492909872195e-02
-2.199178313704817228e-02
-1.662587953860549667e-02
-1.119436097347180359e-02
-5.718663234496761984e-03
-2.203964701190397075e-04
5.278740101297285311e-03
1.075704382864584724e-02
1.619289427880859708e-02
2.156483856290849349e-02
2.685167600133945426e-02
3.203254179343827113e-02
3.708698936159142423e-02
4.199507104480116465e-02
4.673741682324906999e-02
5.129531076316652671e-02
5.565076488031760887e-02
5.978659013058844340e-02
6.368646424751452095e-02
6.733499615902124869e-02
7.071778672915381148e-02
7.382148558507536928e-02
7.663384380506245430e-02
7.914376225956239186e-02
8.134133541453067440e-02
8.321789042417714055e-02
8.476602135883856692e-02
8.597961843289581019e-02
8.685389211738553383e-02
8.738539204214516853e-02
8.757202061289234840e-02
8.741304128949851926e-02
8.690908149278578354e-02
8.606213012837560239e-02
8.487552973736087192e-02
8.335396330478020421e-02
8.150343577795438055e-02
7.933125036762492255e-02
7.684597972542296651e-02
7.405743211141847804e-02
7.097661268527138967e-02
6.761568007375140521e-02
6.398789838603499702e-02
6.010758486615422336e-02
5.599005338918960212e-02
5.165155402420264913e-02
4.710920890242623754e-02
4.238094464381284704e-02
3.748542160862281675e-02
3.244196025326532423e-02
2.727046488103272368e-02
2.199134508865063092e-02
1.662543521865900154e-02
1.119391213550996293e-02
5.718211649883776088e-03
2.199439210589277001e-04
-5.279191828794262305e-03
-1.075749295181177047e-02
-1.619333902515368226e-02
-2.156527717721632223e-02
-2.685210675259405363e-02
-3.203296298165564382e-02
-3.708739932452864013e-02
-4.199546816451645015e-02
-4.673779953248722446e-02
-5.129567755154403746e-02
-5.565111430028357731e-02
-5.978692080313733476e-02
-6.368677486762854001e-02
-6.733528550082071296e-02
-7.071805365073512151e-02
-7.382172903301742473e-02
-7.663406281858436975e-02
-7.914395597431500562e-02
-8.134150306600787528e-02
-8.321803135073292668e-02
-8.476613500429840131e-02
-8.597970434875149004e-02
-8.685394996456527461e-02
-8.738542159235183904e-02
-8.757202174950444451e-02
-8.741301400803025423e-02
-8.690902590090507362e-02
-8.606204644547886529e-02
-8.487541829370739976e-02
-8.335382454018858134e-02
-8.150327024006687182e-02
-7.933105870974613283e-02
-7.684576270394148645e-02
-7.405719058282174416e-02
-7.097634760276559651e-02
-6.761539248349948683e-02
-6.398758942302802677e-02
-6.010725574973207336e-02
-5.598970541822868852e-02
-5.165118857198988667e-02
-4.710882741123929157e-02
-4.238054861922811029e-02
-3.748501261357355813e-02
-3.244153990187342851e-02
-2.727003483223854399e-02
-2.199090703966588567e-02
-1.662499089826858026e-02
-1.119346329724923289e-02
-5.717760065118110240e-03
-2.194913719929554173e-04
5.279643556150253117e-03
1.075794207469042002e-02
1.619378377106634598e-02
2.156571579094829910e-02
2.685253750313161547e-02
