-3.934279747442652464e-02
-3.851455101309820411e-02
-3.753430471464995477e-02
-3.640592717611280255e-02
-3.513387160277038623e-02
-3.372315823333426471e-02
-3.217935452729019097e-02
-3.050855319260676116e-02
-2.871734814052144882e-02
-2.681280846229986900e-02
-2.480245053067032385e-02
-2.269420833603702156e-02
-2.049640217454167662e-02
-1.821770581154779148e-02
-1.586711225013889143e-02
-1.345389823972708773e-02
-1.098758766484096358e-02
-8.477913958580694104e-03
-5.934781689078113230e-03
-3.368227470562663601e-03
-7.883803533000773283e-04
1.794578151272967475e-03
4.370454252455155050e-03
6.929082110647636489e-03
9.460363957410539149e-03
1.195430994687284379e-02
1.440107758121974939e-02
1.679101055466271017e-02
1.911467686259215454e-02
2.136290602551305096e-02
2.352682528085687716e-02
2.559789459983708576e-02
2.756794039115198144e-02
2.942918775852153973e-02
3.117429118475189415e-02
3.279636352123124765e-02
3.428900316844836482e-02
3.564631934026423615e-02
3.686295531223037630e-02
3.793410956220232694e-02
3.885555471981632508e-02
3.962365425004370223e-02
4.023537680498050217e-02
4.068830818723202791e-02
4.098066087767841120e-02
4.111128109001915831e-02
4.107965332425547733e-02
4.088590240113996327e-02
4.053079296956457744e-02
4.001572648883078981e-02
3.934273569771180867e-02
3.851447659213497882e-02
3.753421794314470289e-02
3.640582839651414215e-02
3.513376120491754073e-02
3.372303665291857128e-02
3.217922224413559407e-02
3.050841072877614676e-02
2.871719605825631336e-02
2.681264736180139635e-02
2.480228104773068640e-02
2.269403113953015819e-02
2.049621796378353275e-02
1.821751531353646078e-02
1.586691621668546298e-02
1.345369744448859581e-02
1.098738290026708350e-02
8.477706032786306439e-03
5.934571422654032896e-03
3.368015693337135779e-03
7.881679010638106874e-04
-1.794790440065298972e-03
-4.370665539993918644e-03
-6.929291563074701198e-03
-9.460570748110153430e-03
-1.195451325973389406e-02
-1.440127661385662457e-02
-1.679120452158194138e-02
-1.911486499829240238e-02
-2.136308758750622358e-02
-2.352699955259837661e-02
-2.559806089355369518e-02
-2.756809805055622509e-02
-2.942933616140172570e-02
-3.117442974542773693e-02
-3.279649169286527610e-02
-3.428912044520400493e-02
-3.564642525930224182e-02
-3.686304945553527807e-02
-3.793419155823228583e-02
-3.885562424496939726e-02
-3.962371102993498401e-02
-4.023542061552495136e-02
-4.068833885552890217e-02
-4.098067828269352786e-02
-4.111128516306264413e-02
-4.107964404925282947e-02
-4.088587981469550547e-02
-4.053075716081699920e-02
-4.001567759910132360e-02
-3.934267391994651641e-02
-3.851440217014327760e-02
-3.753413117063712778e-02
-3.640572961594328721e-02
-3.513365080612646657e-02
-3.372291507160229268e-02
-3.217908996012158046e-02
-3.050826826413070847e-02
-2.871704397522417337e-02
-2.681248626058679516e-02
-2.480211156412858581e-02
-2.269385394241712345e-02
-2.049603375247791709e-02
-1.821732481503851933e-02
-1.586672018280821383e-02
-1.345349664889073163e-02
-1.098717813539969168e-02
-8.477498106765441951e-03
-5.934361156071401439e-03
-3.367803916021604432e-03
-7.879554488064407017e-04
1.795002728809750583e-03
4.370876827416006472e-03
6.929501015316756780e-03
9.460777538557139932e-03
1.195471657227571705e-02
1.440147564610892023e-02
1.679139848805276045e-02
1.911505313348218354e-02
2.136326914892888035e-02
2.352717382371154534e-02
2.559822718658667090e-02
2.756825570922421045e-02
2.942948456349593275e-02
3.117456830527098183e-02
3.279661986362336634e-02
3.428923772104384982e-02
3.564653117738813409e-02
3.686314359785559241e-02
3.793427355324904826e-02
3.885569376908468847e-02
3.962376780876798038e-02
4.023546442499480180e-02
4.068836952273902768e-02
4.098069568661410339e-02
4.111128923500810550e-02
4.107963477315303147e-02
4.088585722715910170e-02
4.053072135098696738e-02
4.001562870830315671e-02
3.934261214113049521e-02
3.851432774712296170e-02
3.753404439712716700e-02
3.640563083440020997e-02
3.513354040639714293e-02
3.372279348938547749e-02
3.217895767524832362e-02
3.050812579867066832e-02
2.871689189142529602e-02
2.681232515865630134e-02
2.480194207986429963e-02
2.269367674469819490e-02
2.049584954062510372e-02
1.821713431605423428e-02
1.586652414850736950e-02
1.345329585293371551e-02
1.098697337023901710e-02
8.477290180518301868e-03
5.934150889330398401e-03
3.367592138616234358e-03
7.877429965281199185e-04
-1.795215017506182663e-03
-4.371088114721296235e-03
-6.929710467373694817e-03
-9.460984328751431000e-03
-1.195491988449824856e-02
-1.440167467797659646e-02
-1.679159245407514309e-02
-1.911524126816149458e-02
-2.136345070978103514e-02
-2.352734809419647702e-02
-2.559839347893610312e-02
-2.756841336715605204e-02
-2.942963296480433089e-02
-3.117470686428182314e-02
-3.279674803350574736e-02
-3.428935499596812153e-02
-3.564663709452224605e-02
-3.686323773919161079e-02
-3.793435554725289871e-02
-3.885576329216246932e-02
-3.962382458654294809e-02
-4.023550823339026167e-02
-4.068840018886269588e-02
-4.098071308944040148e-02
-4.111129330585582692e-02
-4.107962549595631924e-02
-4.088583463853096706e-02
-4.053068554007465546e-02
-4.001557981643646955e-02
-3.934255036126391158e-02
-3.851425332307419069e-02
-3.753395762261491075e-02
-3.640553205188491737e-02
-3.513343000572961145e-02
-3.372267190626810490e-02
-3.217882538951574722e-02
-3.050798333239593263e-02
-2.871673980685953906e-02
-2.681216405600979347e-02
-2.480177259493767522e-02
-2.269349954637322336e-02
-2.049566532822491224e-02
-1.821694381658341827e-02
-1.586632811378278426e-02
-1.345309505661739305e-02
-1.098676860478488802e-02
-8.477082254044730064e-03
-5.933940622430881537e-03
-3.367380361120893284e-03
-7.875305442287223534e-04
1.795427306154713824e-03
4.371299401909895486e-03
6.929919919245613319e-03
9.461191118693104696e-03
1.195512319640156668e-02
1.440187370945971920e-02
1.679178641964915522e-02
1.911542940233037016e-02
2.136363227006271917e-02
2.352752236405311614e-02
2.559855977060193633e-02
2.756857102435169085e-02
2.942978136532678826e-02
3.117484542246011861e-02
3.279687620251223873e-02
3.428947226997664660e-02
3.564674301070432788e-02
3.686333187954312501e-02
3.793443754024367759e-02
3.885583281420253166e-02
3.962388136325968591e-02
4.023555204071117136e-02
4.068843085389972636e-02
4.098073049117228334e-02
4.111129737560560715e-02
4.107961621766251931e-02
4.088581204881088643e-02
4.053064972807991773e-02
4.001553092350108171e-02
3.934248858034660595e-02
3.851417889799683969e-02
3.753387084710026883e-02
3.640543326839740940e-02
3.513331960412382354e-02
3.372255032225015409e-02
3.217869310292376106e-02
3.050784086530639039e-02
2.871658772152680533e-02
2.681200295264718134e-02
2.480160310934865012e-02
2.269332234744216720e-02
2.049548111527735306e-02
1.821675331662609559e-02
1.586613207863446853e-02
1.345289425994179895e-02
1.098656383903736863e-02
8.476874327344787255e-03
5.933730355372914163e-03
3.367168583535641059e-03
7.873180919083142514e-04
-1.795639594755272508e-03
-4.371510688981727032e-03
-6.930129370932432489e-03
-9.461397908382076019e-03
-1.195532650798557944e-02
-1.440207274055820170e-02
-1.679198038477469623e-02
-1.911561753598870622e-02
-2.136381382977381102e-02
-2.352769663328137945e-02
-2.559872606158408032e-02
-2.756872868081102282e-02
-2.942992976506325631e-02
-3.117498397980583355e-02
-3.279700437064284740e-02
-3.428958954306941809e-02
-3.564684892593444204e-02
-3.686342601891018367e-02
-3.793451953222135714e-02
-3.885590233520489628e-02
-3.962393813891818689e-02
-4.023559584695752395e-02
-4.068846151785013299e-02
-4.098074789180970734e-02
-4.111130144425748090e-02
-4.107960693827166637e-02
-4.088578945799895004e-02
-4.053061391500280275e-02
-4.001548202949713889e-02
