2.311826912834807554e-02
2.039843979824674386e-02
1.759810688066284351e-02
1.472832204661832060e-02
1.180041106302126899e-02
8.825929094891183171e-03
5.816615102251729459e-03
2.784345511666163567e-03
-2.589126547466248955e-04
-3.301149007836537592e-03
-6.330357191097099948e-03
-9.334582264425248313e-03
-1.230196788496338949e-02
-1.522080309882189487e-02
-1.807956855901590373e-02
-2.086698198721465350e-02
-2.357204269988615736e-02
-2.618407502311210361e-02
-2.869277042473416736e-02
-3.108822819755467648e-02
-3.336099453303326828e-02
-3.550209983127279589e-02
-3.750309410004884492e-02
-3.935608030317815087e-02
-4.105374552661518461e-02
-4.258938983927781224e-02
-4.395695273470139053e-02
-4.515103704916755001e-02
-4.616693026191383276e-02
-4.700062309336130312e-02
-4.764882532796144848e-02
-4.810897879921641890e-02
-4.837926748562679236e-02
-4.845862467772231452e-02
-4.834673718789057884e-02
-4.804404658638967290e-02
-4.755174745866631858e-02
-4.687178269085724019e-02
-4.600683580208020373e-02
-4.496032035377501429e-02
-4.373636647789193310e-02
-4.233980457709387440e-02
-4.077614626130138947e-02
-3.905156259581470807e-02
-3.717285974685824446e-02
-3.514745212066362062e-02
-3.298333310209926317e-02
-3.068904350832849307e-02
-2.827363788199521374e-02
-2.574664875696321825e-02
-2.311804903763630889e-02
-2.039821264033133894e-02
-1.759787355203527859e-02
-1.472808346812311438e-02
-1.180016817622183030e-02
-8.825682858353898000e-03
-5.816366487762909820e-03
-2.784095500396844506e-03
2.591630761129394903e-04
3.301398850997870789e-03
6.330605470033392849e-03
9.334827999289743369e-03
1.230221010594965622e-02
1.522104084999121795e-02
1.807980090206996043e-02
2.086720800519853772e-02
2.357226150080720881e-02
2.618428574346020124e-02
2.869297223288963181e-02
3.108842029707029747e-02
3.336117616577751605e-02
3.550227028042190341e-02
3.750325269291564234e-02
3.935622641386699733e-02
4.105387857849204097e-02
4.258950930724595546e-02
4.395705814727377675e-02
4.515112799032756224e-02
4.616700637275709257e-02
4.700068407351208621e-02
4.764887093675817392e-02
4.810900885666140325e-02
4.837928187309666755e-02
4.845862333843608399e-02
4.834672012713384093e-02
4.804401387149364461e-02
4.755169921874211753e-02
4.687171911628649351e-02
4.600675714376351727e-02
4.496022692214188266e-02
4.373625864167548366e-02
4.233968276187580204e-02
4.077601094783228630e-02
3.905141431811681024e-02
3.717269909011780560e-02
3.514727971892146752e-02
3.298314963574853348e-02
3.068884970142945687e-02
2.827343449941767395e-02
2.574643660136793563e-02
2.311782894630723048e-02
2.039798548187124125e-02
1.759764022293777014e-02
1.472784488923456828e-02
1.179992528910723919e-02
8.825436621580898602e-03
5.816117873118741358e-03
2.783845489053153079e-03
-2.594134974723540056e-04
-3.301648694071057915e-03
-6.330853748800642153e-03
-9.335073733904969071e-03
-1.230245232660739756e-02
-1.522127860075406583e-02
-1.808003324464117073e-02
-2.086743402262511426e-02
-2.357248030109868400e-02
-2.618449646310897633e-02
-2.869317404027878216e-02
-3.108861239575562777e-02
-3.336135779763077513e-02
-3.550244072862276945e-02
-3.750341128478075492e-02
-3.935637252350464993e-02
-4.105401162927234393e-02
-4.258962877407657110e-02
-4.395716355867212988e-02
-4.515121893028166411e-02
-4.616708248236728318e-02
-4.700074505240753320e-02
-4.764891654428221601e-02
-4.810903891282145017e-02
-4.837929625927434724e-02
-4.845862199785556240e-02
-4.834670306508578874e-02
-4.804398115531439972e-02
-4.755165097754793235e-02
-4.687165554046393567e-02
-4.600667848421811229e-02
-4.496013348930795461e-02
-4.373615080429097551e-02
-4.233956094552696753e-02
-4.077587563327420700e-02
-3.905126603937597585e-02
-3.717253843238461225e-02
-3.514710731624064860e-02
-3.298296616851696672e-02
-3.068865589371085056e-02
-2.827323111608506107e-02
-2.574622444508505026e-02
-2.311760885436076746e-02
-2.039775832286641610e-02
-1.759740689337033204e-02
-1.472760630995277771e-02
-1.179968240167759627e-02
-8.825190384572268246e-03
-5.815869258319308205e-03
-2.783595477635170817e-03
2.596639188247915715e-04
3.301898537056031317e-03
6.331102027398786275e-03
9.335319468270868171e-03
1.230269454693658226e-02
1.522151635111041422e-02
1.808026558672955891e-02
2.086766003949445947e-02
2.357269910076073213e-02
2.618470718205856765e-02
2.869337584690173984e-02
3.108880449361080267e-02
3.336153942859321903e-02
3.550261117587567850e-02
3.750356987564448102e-02
3.935651863209146950e-02
4.105414467895648206e-02
4.258974823976997837e-02
4.395726896889676216e-02
4.515130986903014010e-02
4.616715859074473072e-02
4.700080603004797714e-02
4.764896215053399109e-02
4.810906896769689967e-02
4.837931064416024773e-02
4.845862065598111751e-02
4.834668600174679698e-02
4.804394843785228519e-02
4.755160273508400592e-02
4.687159196338976097e-02
4.600659982344419002e-02
4.496004005527346609e-02
4.373604296573854050e-02
4.233943912804750270e-02
4.077574031762723483e-02
3.905111775959228815e-02
3.717237777365868523e-02
3.514693491262120550e-02
3.298278270040454901e-02
3.068846208517264640e-02
2.827302773199736122e-02
2.574601228811456907e-02
2.311738876179689553e-02
2.039753116331682187e-02
1.759717356333291918e-02
1.472736773027761778e-02
1.179943951393278012e-02
8.824944147327914989e-03
5.815620643364512350e-03
2.783345466142811853e-03
-2.599143401703286243e-04
-3.302148379952849541e-03
-6.331350305827875523e-03
-9.335565202387461486e-03
-1.230293676693720861e-02
-1.522175410106024231e-02
-1.808049792833506600e-02
-2.086788605580646230e-02
-2.357291789979316585e-02
-2.618491790030877397e-02
-2.869357765275832792e-02
-3.108899659063563137e-02
-3.336172105866458404e-02
-3.550278162218032524e-02
-3.750372846550649453e-02
-3.935666473962701889e-02
-4.105427772754402516e-02
-4.258986770432581642e-02
-4.395737437794729197e-02
-4.515140080657262245e-02
-4.616723469788908824e-02
-4.700086700643307802e-02
-4.764900775551312445e-02
-4.810909902128739785e-02
-4.837932502775395271e-02
-4.845861931281239543e-02
-4.834666893711649788e-02
-4.804391571910694714e-02
-4.755155449134998435e-02
-4.687152838506365021e-02
-4.600652116144146597e-02
-4.495994662003811870e-02
-4.373593512601801209e-02
-4.233931730943728267e-02
-4.077560500089129347e-02
-3.905096947876570551e-02
-3.717221711394007311e-02
-3.514676250806312435e-02
-3.298259923141130812e-02
-3.068826827581491376e-02
-2.827282434715463685e-02
-2.574580013045654411e-02
-2.311716866861567021e-02
-2.039730400322249323e-02
-1.759694023282556627e-02
-1.472712915020916655e-02
-1.179919662587286533e-02
-8.824697909847894345e-03
-5.815372028254424917e-03
-2.783095454576139070e-03
2.601647615089086227e-04
3.302398222761470520e-03
6.331598584087870865e-03
9.335810936254747283e-03
1.230317898660927486e-02
1.522199185060357091e-02
1.808073026945774056e-02
2.086811207156121298e-02
2.357313669819613086e-02
2.618512861785975837e-02
2.869377945784869904e-02
3.108918868683026651e-02
3.336190268784507834e-02
3.550295206753692479e-02
3.750388705436700360e-02
3.935681084611162422e-02
4.105441077503529240e-02
4.258998716774433507e-02
4.395747978582399684e-02
4.515149174290940953e-02
4.616731080380058472e-02
4.700092798156302321e-02
4.764905335921974100e-02
4.810912907359313900e-02
4.837933941005569116e-02
4.845861796834956270e-02
4.834665187119512042e-02
4.804388299907866311e-02
4.755150624634619377e-02
4.687146480548599198e-02
4.600644249821025933e-02
4.495985318360219696e-02
4.373582728512955681e-02
4.233919548969642538e-02
4.077546968306644537e-02
3.905082119689626957e-02
3.717205645322877589e-02
3.514659010256650229e-02
3.298241576153728566e-02
3.068807446563768734e-02
2.827262096155693308e-02
2.574558797211103089e-02
