-8.550323683390052831e-02
-8.684134414009679614e-02
-8.783672720785953847e-02
-8.848545770204818695e-02
-8.878497537135872364e-02
-8.873409815249942711e-02
-8.833302683526994548e-02
-8.758334427013295120e-02
-8.648800912140612585e-02
-8.505134419072724050e-02
-8.327901935687494206e-02
-8.117802919927401273e-02
-7.875666539349499007e-02
-7.602448398769126592e-02
-7.299226768911860896e-02
-6.967198330957599661e-02
-6.607673453771117922e-02
-6.222071022457800749e-02
-5.811912838653932045e-02
-5.378817614651145579e-02
-4.924494585057508783e-02
-4.450736761207226000e-02
-3.959413854940758287e-02
-3.452464899682136656e-02
-2.931890597934718595e-02
-2.399745425396464585e-02
-1.858129522856308627e-02
-1.309180407870655719e-02
-7.550645389303931032e-03
-1.979687654108596654e-03
3.599083029519409803e-03
9.163649729980582331e-03
1.469205157249216069e-02
2.016247040891294348e-02
2.555331692428944659e-02
3.084331584029901749e-02
3.601158987932976535e-02
4.103774215782830803e-02
4.590193668374550895e-02
5.058497664039235397e-02
5.506838014775430890e-02
5.933445320226817671e-02
6.336635950720009847e-02
6.714818691803553508e-02
7.066501024065068026e-02
7.390295013442857441e-02
7.684922788785603087e-02
7.949221585042562377e-02
8.182148332181098105e-02
8.382783771721113997e-02
8.550336084640232370e-02
8.684144016332004390e-02
8.783679486284326487e-02
8.848549672178809833e-02
8.878498560186123822e-02
8.873407955338931397e-02
8.833297947994964150e-02
8.758326834549293172e-02
8.648790492708718913e-02
8.505121213793816193e-02
8.327885996676943903e-02
8.117784310089408428e-02
7.875645332128830556e-02
7.602424677861270574e-02
7.299200627932710128e-02
6.967169873074000042e-02
6.607642791293706630e-02
6.222038276397759415e-02
5.811878138245427788e-02
5.378781096841286913e-02
4.924456393965884193e-02
4.450697047557119340e-02
3.959372775464322508e-02
3.452422616501830965e-02
2.931847277923484152e-02
2.399701239519156856e-02
1.858084645494971487e-02
1.309135016136315881e-02
7.550188119640762786e-03
1.979228836766053559e-03
-3.599541583792934939e-03
-9.164106211474917427e-03
-1.469250417967746594e-02
-2.016291735554955056e-02
-2.555375644647737282e-02
-3.084374620343927759e-02
-3.601200938497008119e-02
-4.103814915036610445e-02
-4.590232955696189887e-02
-5.058535384379116151e-02
-5.506874019268116066e-02
-5.933479466778556616e-02
-6.336668104569515014e-02
-6.714848726053852801e-02
-7.066528820184309057e-02
-7.390320461732101387e-02
-7.684945788811740897e-02
-7.949242046034701858e-02
-8.182166173388788488e-02
-8.382798922733027125e-02
-8.550348485662055686e-02
-8.684153618422406351e-02
-8.783686251548115942e-02
-8.848553573916492776e-02
-8.878499582999269113e-02
-8.873406095190956855e-02
-8.833293212227047442e-02
-8.758319241851400538e-02
-8.648780073045859995e-02
-8.505108008287774746e-02
-8.327870057444000662e-02
-8.117765700034633436e-02
-7.875624124697855333e-02
-7.602400956750407501e-02
-7.299174486758655545e-02
-6.967141415004364513e-02
-6.607612128639860083e-02
-6.222005530171583615e-02
-5.811843437681738639e-02
-5.378744578887809102e-02
-4.924418202742769646e-02
-4.450657333788170938e-02
-3.959331695882159496e-02
-3.452380333229329579e-02
-2.931803957833954005e-02
-2.399657053577762891e-02
-1.858039768084010848e-02
-1.309089624367008875e-02
-7.549730849775893038e-03
-1.978770019370568005e-03
3.600000137970435325e-03
9.164562692724628756e-03
1.469295678647051899e-02
2.016336430164784518e-02
2.555419596798305312e-02
3.084417656575604710e-02
3.601242888964888145e-02
4.103855614180823563e-02
4.590272242895278992e-02
5.058573104583941049e-02
5.506910023613770938e-02
5.933513613171870898e-02
6.336700258249833295e-02
6.714878760124874668e-02
7.066556616114881562e-02
7.390345909824022619e-02
7.684968788632692838e-02
7.949262506814601392e-02
8.182184014378011960e-02
8.382814073521115128e-02
8.550360886455565801e-02
8.684163220280910478e-02
8.783693016577343027e-02
8.848557475417878626e-02
8.878500605575329052e-02
8.873404234806028801e-02
8.833288476223243035e-02
8.758311648919629711e-02
8.648769653152056647e-02
8.505094802554627464e-02
8.327854117988672811e-02
8.117747089763084622e-02
7.875602917056560848e-02
7.602377235436517944e-02
7.299148345389672166e-02
6.967112956748661157e-02
6.607581465809539423e-02
6.221972783779228244e-02
5.811808736962827127e-02
5.378708060790677453e-02
4.924380011388138079e-02
4.450617619900361366e-02
3.959290616194257456e-02
3.452338049864632497e-02
2.931760637666130237e-02
2.399612867572286506e-02
1.857994890623433648e-02
1.309044232562746497e-02
7.549273579709444952e-03
1.978311201922282672e-03
-3.600458692051749197e-03
-9.165019173729558460e-03
-1.469340939287116024e-02
-2.016381124720763654e-02
-2.555463548880624464e-02
-3.084460692724905195e-02
-3.601284839336589549e-02
-4.103896313215429914e-02
-4.590311529971766863e-02
-5.058610824653660826e-02
-5.506946027812350403e-02
-5.933547759406716110e-02
-6.336732411760914729e-02
-6.714908794016556659e-02
-7.066584411856720316e-02
-7.390371357718565626e-02
-7.684991788248399236e-02
-7.949282967382190201e-02
-8.182201855148714398e-02
-8.382829224085322495e-02
-8.550373287020723856e-02
-8.684172821907501505e-02
-8.783699781372002191e-02
-8.848561376682967383e-02
-8.878501627914281435e-02
-8.873402374184129193e-02
-8.833283739983538441e-02
-8.758304055753951545e-02
-8.648759233027260296e-02
-8.505081596594324389e-02
-8.327838178310927042e-02
-8.117728479274730069e-02
-7.875581709204941550e-02
-7.602353513919597738e-02
-7.299122203825754440e-02
-6.967084498306899687e-02
-6.607550802802762691e-02
-6.221940037220718284e-02
-5.811774036088713374e-02
-5.378671542549902373e-02
-4.924341819901988104e-02
-4.450577905893685765e-02
-3.959249536400613612e-02
-3.452295766407730004e-02
-2.931717317420005908e-02
-2.399568681502723885e-02
-1.857950013113233642e-02
-1.308998840723523717e-02
-7.548816309441392508e-03
-1.977852384421175443e-03
3.600917246036892169e-03
9.165475654489703070e-03
1.469386199887936194e-02
2.016425819222887952e-02
2.555507500894693348e-02
3.084503728791827132e-02
3.601326789612114415e-02
4.103937012140437823e-02
4.590350816925668070e-02
5.058648544588283807e-02
5.506982031863857235e-02
5.933581905483099189e-02
6.336764565102763480e-02
6.714938827728901549e-02
7.066612207409835034e-02
7.390396805415735959e-02
7.685014787658860091e-02
7.949303427737482164e-02
8.182219695700893025e-02
8.382844374425647838e-02
8.550385687357534015e-02
8.684182423302157228e-02
8.783706545932065679e-02
8.848565277711721577e-02
8.878502650016098507e-02
8.873400513325224725e-02
8.833279003507898963e-02
8.758296462354353551e-02
8.648748812671479269e-02
8.505068390406879397e-02
8.327822238410775846e-02
8.117709868569582266e-02
7.875560501142982173e-02
7.602329792199641334e-02
7.299096062066899593e-02
6.967056039679056512e-02
6.607520139619513233e-02
6.221907290496034304e-02
5.811739335059380035e-02
5.378635024165481088e-02
4.924303628284331519e-02
4.450538191768156626e-02
3.959208456501236290e-02
3.452253482858633205e-02
2.931673997095588999e-02
2.399524495369077109e-02
1.857905135553413606e-02
1.308953448849339146e-02
7.548359038971692338e-03
1.977393566867198180e-03
-3.601375799925921918e-03
-9.165932135005123299e-03
-1.469431460449519868e-02
-2.016470513671167822e-02
-2.555551452840520987e-02
-3.084546764776380581e-02
-3.601368739791465517e-02
-4.103977710955850067e-02
-4.590390103756981227e-02
-5.058686264387814158e-02
-5.507018035768297681e-02
-5.933616051401020136e-02
-6.336796718275385099e-02
-6.714968861261923216e-02
-7.066640002774234042e-02
-7.390422252915547496e-02
-7.685037786864100384e-02
-7.949323887880489770e-02
-8.182237536034568659e-02
-8.382859524542113361e-02
