1.068166460111853906e-02
9.860404514427652950e-03
9.000229787926481220e-03
8.104535149448621398e-03
7.176855508153765807e-03
6.220852003810324257e-03
5.240297557901843310e-03
4.239061983580614222e-03
3.221096713232902541e-03
2.190419203929255300e-03
1.151097082304711021e-03
1.072320914419915309e-04
-9.370560968877753851e-04
-1.977646140740907214e-03
-3.010431293108446846e-03
-4.031335609423720295e-03
-5.036330033506323037e-03
-6.021448298458442414e-03
-6.982802579759796353e-03
-7.916598838785279466e-03
-8.819151796191327178e-03
-9.686899476077689974e-03
-1.051641726352520179e-02
-1.130443142003080027e-02
-1.204783200350022059e-02
-1.274368514180904306e-02
-1.338924461149365933e-02
-1.398196267587631381e-02
-1.451950013985089417e-02
-1.499973558164767289e-02
-1.542077372514341974e-02
-1.578095291967495511e-02
-1.607885169783679347e-02
-1.631329438538196494e-02
-1.648335574108649587e-02
-1.658836460826576889e-02
-1.662790656353206262e-02
-1.660182555233970236e-02
-1.651022450486309620e-02
-1.635346492977702779e-02
-1.613216548754236798e-02
-1.584719954882786094e-02
-1.549969174770374734e-02
-1.509101354321028612e-02
-1.462277780681770292e-02
-1.409683245713840710e-02
-1.351525316701246426e-02
-1.288033517174824380e-02
-1.219458421084746585e-02
-1.146070663896363653e-02
-1.068159874512150317e-02
-9.860335322349884218e-03
-9.000157532838391414e-03
-8.104460116508964765e-03
-7.176777993484257170e-03
-6.220772313326956675e-03
-5.240216006107578650e-03
-4.238978892324187647e-03
-3.221012410438620251e-03
-2.190334022302828365e-03
-1.151011358020208276e-03
-1.071461628151127582e-04
9.371418907348821794e-04
1.977731461218009031e-03
3.010515803493493594e-03
4.031418976191735240e-03
5.036411927645673137e-03
6.021528396769314402e-03
6.982880566129713758e-03
7.916674405436648077e-03
8.819224644896116183e-03
9.686969319334390663e-03
1.051648382569349109e-02
1.130449443841934770e-02
1.204789122940341795e-02
1.274374034148853703e-02
1.338929556710082187e-02
1.398200918631197463e-02
1.451954202155900618e-02
1.499977266933973097e-02
1.542080587245076885e-02
1.578097999972644799e-02
1.607887360375948038e-02
1.631331103072290040e-02
1.648336706015389799e-02
1.658837055638830160e-02
1.662790711723512518e-02
1.660182070943807056e-02
1.651021428446954736e-02
1.635344937222692890e-02
1.613214465423447319e-02
1.584717352198199147e-02
1.549966063003630282e-02
1.509097745752888652e-02
1.462273689553651550e-02
1.409678688171609948e-02
1.351520310731499364e-02
1.288028082533901157e-02
1.219452579220763402e-02
1.146064437864564856e-02
1.068153288883919548e-02
9.860266130008761912e-03
9.000085277509915771e-03
8.104385083352849337e-03
7.176700478623063324e-03
6.220692622677434676e-03
5.240134454173347826e-03
4.238895800954534804e-03
3.220928107558298711e-03
2.190248840617887473e-03
1.150925633704946282e-03
1.070602341853513900e-04
-9.372276845569823926e-04
-1.977816781642313237e-03
-3.010600313798158026e-03
-4.031502342852099317e-03
-5.036493821650534462e-03
-6.021608494919384463e-03
-6.982958552313145786e-03
-7.916749971876602468e-03
-8.819297493365390456e-03
-9.687039162332412856e-03
-1.051655038758095469e-02
-1.130455745650601855e-02
-1.204795045498489522e-02
-1.274379554082772335e-02
-1.338934652235043189e-02
-1.398205569637426399e-02
-1.451958390287939708e-02
-1.499980975663124314e-02
-1.542083801934631890e-02
-1.578100707935651756e-02
-1.607889550925278854e-02
-1.631332767562817393e-02
-1.648337837878109668e-02
-1.658837650406783798e-02
-1.662790767049412630e-02
-1.660181586609307466e-02
-1.651020406363510468e-02
-1.635343381424013073e-02
-1.613212382049576329e-02
-1.584714749471289111e-02
-1.549962951195490816e-02
-1.509094137144445340e-02
-1.462269598386479845e-02
-1.409674130591730482e-02
-1.351515304725656695e-02
-1.288022647858578715e-02
-1.219446737324212694e-02
-1.146058211802158250e-02
-1.068146703227161945e-02
-9.860196937404313786e-03
-9.000013021941087252e-03
-8.104310049980299399e-03
-7.176622963570210290e-03
-6.220612931861781679e-03
-5.240052902099175992e-03
-4.238812709471679110e-03
-3.220843804591958740e-03
-2.190163658874449970e-03
-1.150839909358946289e-03
-1.069743055527299914e-04
9.373134783540537987e-04
1.977902102013800317e-03
3.010684824022427132e-03
4.031585709404807323e-03
5.036575715520899207e-03
6.021688592908653465e-03
6.983036538310108919e-03
7.916825538105139171e-03
8.819370341599146526e-03
9.687109005071754819e-03
1.051661694918757349e-02
1.130462047429080935e-02
1.204800968024462120e-02
1.274385073982659163e-02
1.338939747724248244e-02
1.398210220606315411e-02
1.451962578381203739e-02
1.499984684352217816e-02
1.542087016583005600e-02
1.578103415856513952e-02
1.607891741431668325e-02
1.631334432009778901e-02
1.648338969696809542e-02
1.658838245130434680e-02
1.662790822330905902e-02
1.660181102230470773e-02
1.651019384235971610e-02
1.635341825581657083e-02
1.613210298632623829e-02
1.584712146702059454e-02
1.549959839345958768e-02
1.509090528495700238e-02
1.462265507180256739e-02
1.409669572974204393e-02
1.351510298683721197e-02
1.288017213148858961e-02
1.219440895395094634e-02
1.146051985709143142e-02
1.068140117541875427e-02
9.860127744536508615e-03
8.999940766131886774e-03
8.104235016391308014e-03
7.176545448325687658e-03
6.220533240879995082e-03
5.239971349885055342e-03
4.238729617875615363e-03
3.220759501539599470e-03
2.190078477072524964e-03
1.150754184982214802e-03
1.068883769172567752e-04
-9.373992721260867482e-04
-1.977987422332456394e-03
-3.010769334166279662e-03
-4.031669075849830634e-03
-5.036657609256742218e-03
-6.021768690737093650e-03
-6.983114524120568462e-03
-7.916901104122240837e-03
-8.819443189597365312e-03
-9.687178847552362776e-03
-1.051668351051331801e-02
-1.130468349177366806e-02
-1.204806890518257331e-02
-1.274390593848508633e-02
-1.338944843177692322e-02
-1.398214871537861205e-02
-1.451966766435688026e-02
-1.499988393001249268e-02
-1.542090231190191944e-02
-1.578106123735228961e-02
-1.607893931895115411e-02
-1.631336096413172482e-02
-1.648340101471487684e-02
-1.658838839809783847e-02
-1.662790877567990946e-02
-1.660180617807295242e-02
-1.651018362064339204e-02
-1.635340269695624918e-02
-1.613208215172583920e-02
-1.584709543890505667e-02
-1.549956727455030665e-02
-1.509086919806650572e-02
-1.462261415934979457e-02
-1.409665015319028387e-02
-1.351505292605688358e-02
-1.288011778404737386e-02
-1.219435053433407835e-02
-1.146045759585520747e-02
-1.068133531828063636e-02
-9.860058551405386298e-03
-8.999868510082329950e-03
-8.104159982585871710e-03
-7.176467932889499766e-03
-6.220453549732071416e-03
-5.239889797530986743e-03
-4.238646526166346164e-03
-3.220675198401220900e-03
-2.189993295212102915e-03
-1.150668460574743365e-03
-1.068024482789215092e-04
9.374850658730923001e-04
1.978072742598294478e-03
3.010853844229732096e-03
4.031752442187189200e-03
5.036739502858075639e-03
6.021848788404707623e-03
6.983192509744523546e-03
7.916976669927898794e-03
8.819516037360029467e-03
9.687248689774252339e-03
1.051675007155818131e-02
1.130474650895461376e-02
1.204812812979875157e-02
1.274396113680322830e-02
1.338949938595376636e-02
1.398219522432063953e-02
1.451970954451394999e-02
1.499992101610220577e-02
1.542093445756195086e-02
1.578108831571797821e-02
1.607896122315621151e-02
1.631337760772997095e-02
1.648341233202141667e-02
1.658839434444830604e-02
1.662790932760669152e-02
1.660180133339784342e-02
1.651017339848616719e-02
1.635338713765922825e-02
1.613206131669464583e-02
1.584706941036631567e-02
1.549953615522712234e-02
1.509083311077302064e-02
1.462257324650654590e-02
1.409660457626209749e-02
1.351500286491566678e-02
1.288006343626222835e-02
1.219429211439159236e-02
1.146039533431295575e-02
