7.241271820039246743e-02
7.286077377729255344e-02
7.302128022132552132e-02
7.289360408480194398e-02
7.247824924876021535e-02
7.177685493437153952e-02
7.079218923366198402e-02
6.952813818508168930e-02
6.798969043703602388e-02
6.618291755990472758e-02
6.411495008424859809e-02
6.179394935977065850e-02
5.922907534609121727e-02
5.643045046245331875e-02
5.340911963902707921e-02
5.017700672747284901e-02
4.674686744279155093e-02
4.313223902217936528e-02
3.934738679956154006e-02
3.540724790665138177e-02
3.132737232272159861e-02
2.712386150573845370e-02
2.281330484705423878e-02
1.841271420044320387e-02
1.393945674386594044e-02
9.411186438926837788e-03
4.845774358523810207e-03
2.612381576561503501e-04
-4.324329034262130479e-03
-8.892830018952980684e-03
-1.342623495088298043e-02
-1.790665249306061177e-02
-2.231640042620183090e-02
-2.663807543260082733e-02
-3.085462177930009195e-02
-3.494939862949770354e-02
-3.890624571654380942e-02
-4.270954712133980674e-02
-4.634429290143951552e-02
-4.979613832862940515e-02
-5.305146050120369133e-02
-5.609741210751026386e-02
-5.892197212858733130e-02
-6.151399327978934739e-02
-6.386324600417145336e-02
-6.596045884401008363e-02
-6.779735503113118456e-02
-6.936668515164050308e-02
-7.066225575614210053e-02
-7.167895380253420934e-02
-7.241276683491673638e-02
-7.286079881897368493e-02
-7.302128157133516706e-02
-7.289358173781219918e-02
-7.247820329296468522e-02
-7.177678555113742309e-02
-7.079209669681406358e-02
-6.952802285982180586e-02
-6.798955277850177170e-02
-6.618275811137321052e-02
-6.411476947499246404e-02
-6.179374830257448881e-02
-5.922885463443847143e-02
-5.643021096739492953e-02
-5.340886230574373034e-02
-5.017673257154480621e-02
-4.674657754619054167e-02
-4.313193452899863334e-02
-3.934706891150049207e-02
-3.540691787827308229e-02
-3.132703145650157089e-02
-2.712351114692436796e-02
-2.281294637835681177e-02
-1.841234903657927580e-02
-1.393908632597519112e-02
-9.410812228884259806e-03
-4.845397833170338696e-03
-2.608608029702263542e-04
4.324705729029060947e-03
8.893204567153881190e-03
1.342660587434235317e-02
1.790701832790821124e-02
2.231675972864989935e-02
2.663842678464209066e-02
3.085496379430400712e-02
3.494972995768289015e-02
3.890656505030498646e-02
4.270985320040832783e-02
4.634458451785714028e-02
4.979641433151561075e-02
5.305171980129757409e-02
5.609765368146946846e-02
5.892219502302666057e-02
6.151419661504340525e-02
6.386342897776620120e-02
6.596062073383000823e-02
6.779749519826903936e-02
6.936680304291872878e-02
7.066235090629623128e-02
7.167902583604879307e-02
7.241281546750749643e-02
7.286082385870933098e-02
7.302128291939492810e-02
7.289355938887592812e-02
7.247815733523368942e-02
7.177671616598647886e-02
7.079200415807561375e-02
6.952790753270517154e-02
6.798941511815187466e-02
6.618259866107437106e-02
6.411458886402422730e-02
6.179354724372809748e-02
5.922863392120399778e-02
5.642997147082955828e-02
5.340860497103409182e-02
5.017645841427679360e-02
4.674628764834120459e-02
4.313163003466606582e-02
3.934675102238867350e-02
3.540658784894923361e-02
3.132669058944494156e-02
2.712316078738592762e-02
2.281258790905014641e-02
1.841198387222361607e-02
1.393871590771216321e-02
9.410438018590327330e-03
4.845021307687429925e-03
2.604834482772913108e-04
-4.325082423680548169e-03
-8.893579115117336217e-03
-1.342697679744321755e-02
-1.790738416227765500e-02
-2.231711903050204171e-02
-2.663877813597199939e-02
-3.085530580848392518e-02
-3.495006128493467062e-02
-3.890688438302703639e-02
-4.271015927833615028e-02
-4.634487613303703291e-02
-4.979669033307186632e-02
-5.305197909997458328e-02
-5.609789525393044096e-02
-5.892241791589232502e-02
-6.151439994865454119e-02
-6.386361194965532728e-02
-6.596078262188823094e-02
-6.779763536359609266e-02
-6.936692093234435308e-02
-7.066244605456314942e-02
-7.167909786764901925e-02
-7.241286409816424796e-02
-7.286084889649897811e-02
-7.302128426550452689e-02
-7.289353703799292261e-02
-7.247811137556708916e-02
-7.177664677891870681e-02
-7.079191161744660676e-02
-6.952779220373175861e-02
-6.798927745598630501e-02
-6.618243920900805655e-02
-6.411440825134372135e-02
-6.179334618323150535e-02
-5.922841320638782409e-02
-5.642973197275719111e-02
-5.340834763489814979e-02
-5.017618425566875567e-02
-4.674599774924340784e-02
-4.313132553918156559e-02
-3.934643313222602190e-02
-3.540625781867980104e-02
-3.132634972155171060e-02
-2.712281042712316390e-02
-2.281222943913428433e-02
-1.841161870737630449e-02
-1.393834548907695731e-02
-9.410063808045153119e-03
-4.844644782075208794e-03
-2.601060935774837267e-04
4.325459118216442959e-03
8.893953662843193109e-03
1.342734772018541745e-02
1.790774999616877999e-02
2.231747833175811574e-02
2.663912948659045640e-02
3.085564782183982876e-02
3.495039261125310742e-02
3.890720371471007716e-02
4.271046535512341980e-02
4.634516774697928360e-02
4.979696633329835226e-02
5.305223839723486462e-02
5.609813682489337566e-02
5.892264080718453978e-02
6.151460328062303279e-02
6.386379491983905365e-02
6.596094450818514032e-02
6.779777552711283017e-02
6.936703881991768128e-02
7.066254120094313251e-02
7.167916989733513766e-02
7.241291272688728242e-02
7.286087393234300102e-02
7.302128560966410220e-02
7.289351468516327981e-02
7.247806541396495383e-02
7.177657738993409309e-02
7.079181907492705650e-02
6.952767687290151155e-02
6.798913979200493785e-02
6.618227975517426698e-02
6.411422763695097393e-02
6.179314512108465690e-02
5.922819248998993646e-02
5.642949247317789740e-02
5.340809029733594587e-02
5.017591009572079652e-02
4.674570784889731101e-02
4.313102104254532693e-02
3.934611524101268992e-02
3.540592778746484703e-02
3.132600885282187803e-02
2.712246006613602822e-02
2.281187096860914226e-02
1.841125354203721615e-02
1.393797507006941210e-02
9.409689597248574108e-03
4.844268256333500097e-03
2.597287388706126738e-04
-4.325835812636946547e-03
-8.894328210331656562e-03
-1.342771864256915755e-02
-1.790811582958177703e-02
-2.231783763241829144e-02
-2.663948083649756923e-02
-3.085598983437176993e-02
-3.495072393663820748e-02
-3.890752304535414346e-02
-4.271077143077010863e-02
-4.634545935968391317e-02
-4.979724233219496449e-02
-5.305249769307836955e-02
-5.609837839435813378e-02
-5.892286369690314524e-02
-6.151480661094870656e-02
-6.386397788831729705e-02
-6.596110639272055598e-02
-6.779791568881894659e-02
-6.936715670563846359e-02
-7.066263634543601402e-02
-7.167924192510705117e-02
-7.241296135367655817e-02
-7.286089896624130258e-02
-7.302128695187376506e-02
-7.289349233038716624e-02
-7.247801945042746385e-02
-7.177650799903290135e-02
-7.079172653051725439e-02
-6.952756154021468016e-02
-6.798900212620809236e-02
-6.618212029957318276e-02
-6.411404702084615159e-02
-6.179294405728766315e-02
-5.922797177201034186e-02
-5.642925297209160085e-02
-5.340783295834748007e-02
-5.017563593443286757e-02
-4.674541794730283084e-02
-4.313071654475722494e-02
-3.934579734874858042e-02
-3.540559775530438547e-02
-3.132566798325547852e-02
-2.712210970442459693e-02
-2.281151249747483817e-02
-1.841088837620648636e-02
-1.393760465068970104e-02
-9.409315386200737749e-03
-4.843891730462446081e-03
-2.593513841568260915e-04
4.326212506941911479e-03
8.894702757582584329e-03
1.342808956459429909e-02
1.790848166251655937e-02
2.231819693248249248e-02
2.663983218569332401e-02
3.085633184607975213e-02
3.495105526109002630e-02
3.890784237495924225e-02
4.271107750527630004e-02
4.634575097115095632e-02
4.979751832976188342e-02
5.305275698750525765e-02
5.609861996232499287e-02
5.892308658504837038e-02
6.151500993963175679e-02
6.386416085509008522e-02
6.596126827549443628e-02
6.779805584871452517e-02
6.936727458950685266e-02
7.066273148804184945e-02
7.167931395096471814e-02
