-4.848930777909248729e-02
-4.894505558112007687e-02
-4.920763897436028489e-02
-4.927602165871473872e-02
-4.914993375808179160e-02
-4.882987288543772647e-02
-4.831710217897915854e-02
-4.761364531707728415e-02
-4.672227853171762729e-02
-4.564651965194465449e-02
-4.439061422055202988e-02
-4.295951873880978628e-02
-4.135888110535379525e-02
-3.959501832643679692e-02
-3.767489158550886563e-02
-3.560607877051604614e-02
-3.339674456734040980e-02
-3.105560823740895551e-02
-2.859190920663900667e-02
-2.601537060152533942e-02
-2.333616087627574803e-02
-2.056485368243584147e-02
-1.771238613937979947e-02
-1.479001567035493139e-02
-1.180927557442903141e-02
-8.781929509678326404e-03
-5.719925067250676218e-03
-2.635346619526567416e-03
4.596323715346914331e-04
3.552797397645804638e-03
6.631941109433957260e-03
9.684911493430226406e-03
1.269965983067274616e-02
1.566428824765228253e-02
1.856709667193780222e-02
2.139662900716895327e-02
2.414171834518328078e-02
2.679153103684607864e-02
2.933560944765462031e-02
3.176391322937970052e-02
3.406685894486339433e-02
3.623535788959159759e-02
3.826085196077661649e-02
4.013534743239000058e-02
4.185144650285095580e-02
4.340237649086554211e-02
4.478201656419341509e-02
4.598492189585588058e-02
4.700634515245101508e-02
4.784225522977147288e-02
4.848935316178342586e-02
4.894508514018124090e-02
4.920765259313517048e-02
4.927601928345608923e-02
4.914991539816369881e-02
4.882983861331866710e-02
4.831705212991595916e-02
4.761357968859140227e-02
4.672219758281555974e-02
4.564642370209575500e-02
4.439050364842780927e-02
4.295939398078930938e-02
4.135874265380157233e-02
3.959486672775967830e-02
3.767472743799952367e-02
3.560590272199182227e-02
3.339655731258670684e-02
3.105541051543716374e-02
2.859170179776997917e-02
2.601515432430982419e-02
2.333593658426392353e-02
2.056462226080871605e-02
1.771214850145580791e-02
1.478977275398546919e-02
1.180902833829719327e-02
8.781678929515382426e-03
5.719672131985295387e-03
2.635092327381974298e-03
-4.598870169802776135e-04
-3.553051391419842064e-03
-6.632193449135761337e-03
-9.685161183187004919e-03
-1.269990588506985339e-02
-1.566452969562223338e-02
-1.856733256059263024e-02
-2.139685840556085003e-02
-2.414194034797863958e-02
-2.679174476789838305e-02
-2.933581406346226494e-02
-3.176410792241492198e-02
-3.406704294675916289e-02
-3.623553047417416018e-02
-3.826101244693123210e-02
-4.013549518674903310e-02
-4.185158094229354808e-02
-4.340249708481887930e-02
-4.478212283672670935e-02
-4.598501342755859783e-02
-4.700642158208814120e-02
-4.784231625570917884e-02
-4.848939854317946274e-02
-4.894511469793533243e-02
-4.920766621059597529e-02
-4.927601690688154790e-02
-4.914989703693311424e-02
-4.882980433989562302e-02
-4.831700207956246551e-02
-4.761351405883398891e-02
-4.672211663266574028e-02
-4.564632775102784451e-02
-4.439039307511808558e-02
-4.295926922162154188e-02
-4.135860420114481628e-02
-3.959471512802510695e-02
-3.767456328948398658e-02
-3.560572667251669932e-02
-3.339637005694111316e-02
-3.105521279263598680e-02
-2.859149438813738883e-02
-2.601493804639956262e-02
-2.333571229162889962e-02
-2.056439083863240841e-02
-1.771191086305882664e-02
-1.478952983722108157e-02
-1.180878110185003618e-02
-8.781428349117968019e-03
-5.719419196567232869e-03
-2.634838035167084546e-03
4.601416624134976006e-04
3.553305385098898175e-03
6.632445788660344330e-03
9.685410872685018199e-03
1.270015193912768514e-02
1.566477114317373423e-02
1.856756844875149734e-02
2.139708780338120744e-02
2.414216235012911146e-02
2.679195849823504116e-02
2.933601867848634540e-02
3.176430261460171794e-02
3.406722694774507593e-02
3.623570305778891359e-02
3.826117293206392905e-02
4.013564294003608979e-02
4.185171538061836088e-02
4.340261767761302569e-02
4.478222910806398116e-02
4.598510495803320025e-02
4.700649801046989651e-02
4.784237728036921239e-02
4.848944392328047998e-02
4.894514425438223348e-02
4.920767982674260216e-02
4.927601452899103146e-02
4.914987867438989910e-02
4.882977006516852486e-02
4.831695202791864291e-02
4.761344842780502323e-02
4.672203568126816892e-02
4.564623179874092995e-02
4.439028250062287267e-02
4.295914446130649766e-02
4.135846574738354098e-02
3.959456352723315226e-02
3.767439913996236539e-02
3.560555062209071892e-02
3.339618280040364262e-02
3.105501506900549061e-02
2.859128697774124261e-02
2.601472176779455123e-02
2.333548799837067630e-02
2.056415941590689425e-02
1.771167322418879669e-02
1.478928692006168527e-02
1.180853386508746994e-02
8.781177768485998181e-03
5.719166260996380244e-03
2.634583742881773261e-03
-4.603963078344907147e-04
-3.553559378683127795e-03
-6.632698128007877107e-03
-9.685660561924458803e-03
-1.270039799284643396e-02
-1.566501259030698284e-02
-1.856780433641457700e-02
-2.139731720063022327e-02
-2.414238435163494276e-02
-2.679217222785627850e-02
-2.933622329272705248e-02
-3.176449730594033127e-02
-3.406741094782126528e-02
-3.623587564043609377e-02
-3.826133341617495021e-02
-4.013579069225143431e-02
-4.185184981782558156e-02
-4.340273826924819639e-02
-4.478233537820540400e-02
-4.598519648727978498e-02
-4.700657443759637122e-02
-4.784243830375155965e-02
-4.848948930208655389e-02
-4.894517380952202734e-02
-4.920769344157509967e-02
-4.927601214978450522e-02
-4.914986031053408116e-02
-4.882973578913736568e-02
-4.831690197498441502e-02
-4.761338279550447056e-02
-4.672195472862287341e-02
-4.564613584523501133e-02
-4.439017192494225383e-02
-4.295901969984427388e-02
-4.135832729251782969e-02
-3.959441192538384890e-02
-3.767423498943469479e-02
-3.560537457071392964e-02
-3.339599554297439238e-02
-3.105481734454572373e-02
-2.859107956658163419e-02
-2.601450548849488370e-02
-2.333526370448932991e-02
-2.056392799263226379e-02
-1.771143558484583255e-02
-1.478904400250738785e-02
-1.180828662800959862e-02
-8.780927187619559648e-03
-5.718913325272824248e-03
-2.634329450526131516e-03
4.606509532431664247e-04
3.553813372172439852e-03
6.632950467178263393e-03
9.685910250905215707e-03
1.270064404622598883e-02
1.566525403702186126e-02
1.856804022358177209e-02
2.139754659730780037e-02
2.414260635249604325e-02
2.679238595676203261e-02
2.933642790618433763e-02
3.176469199643065094e-02
3.406759494698770319e-02
3.623604822211560356e-02
3.826149389926424699e-02
4.013593844339496952e-02
4.185198425391519622e-02
4.340285885972427343e-02
4.478244164715088765e-02
4.598528801529833815e-02
4.700665086346752369e-02
4.784249932585635245e-02
4.848953467959780939e-02
4.894520336335485278e-02
4.920770705509363435e-02
4.927600976926223980e-02
4.914984194536584083e-02
4.882970151180235363e-02
4.831685192076004554e-02
4.761331716193253211e-02
4.672187377472991621e-02
4.564603989051014415e-02
4.439006134807618742e-02
4.295889493723483582e-02
4.135818883654762690e-02
3.959426032247714139e-02
3.767407083790089151e-02
3.560519851838626210e-02
3.339580828465325141e-02
3.105461961925656128e-02
2.859087215465842130e-02
2.601428920850040738e-02
2.333503940998473206e-02
2.056369656880840946e-02
1.771119794502981973e-02
1.478880108455808522e-02
1.180803939061632682e-02
8.780676606518562216e-03
5.718660389396485952e-03
2.634075158100082116e-03
-4.609055986395959085e-04
-3.554067365566902000e-03
-6.633202806171573443e-03
-9.686159939627373913e-03
-1.270089009926643996e-02
-1.566549548331847355e-02
-1.856827611025318667e-02
-2.139777599341402894e-02
-2.414282835271247193e-02
-2.679259968495235553e-02
-2.933663251885825635e-02
-3.176488668607276022e-02
-3.406777894524440353e-02
-3.623622080282744295e-02
-3.826165438133178470e-02
-4.013608619346672318e-02
-4.185211868888719100e-02
-4.340297944904137478e-02
-4.478254791490057785e-02
-4.598537954208894996e-02
-4.700672728808344414e-02
-4.784256034668355612e-02
