1.231747659857147792e-02
1.391417851191387167e-02
1.545596733885550370e-02
1.693675832326124037e-02
1.835070744040492863e-02
1.969223446074087891e-02
2.095604497259299231e-02
2.213715127684759074e-02
2.323089207118786761e-02
2.423295084618509038e-02
2.513937292064533785e-02
2.594658104898075676e-02
2.665138953901003208e-02
2.725101682447139337e-02
2.774309644262997268e-02
2.812568637365579424e-02
2.839727670491403247e-02
2.855679558991993869e-02
2.860361347844119634e-02
2.853754560105319429e-02
2.835885269834195754e-02
2.806823999187679428e-02
2.766685440101378929e-02
2.715628001651418377e-02
2.653853184884129995e-02
2.581604787580865645e-02
2.499167942096370415e-02
2.406867990067938085e-02
2.305069198436388370e-02
2.194173321846132341e-02
2.074618017097929271e-02
1.946875115911752760e-02
1.811448762816431426e-02
1.668873425514968978e-02
1.519711785577762542e-02
1.364552517788201677e-02
1.204007966904599089e-02
1.038711731007237182e-02
8.693161609679820115e-03
6.964897859109578024e-03
5.209146748248371685e-03
3.432837447392989190e-03
1.642980260890815943e-03
-1.533610394197144249e-04
-1.949097091781114288e-03
-3.737140923080897216e-03
-5.510435917988703441e-03
-7.261983668284740547e-03
-8.984871592470602270e-03
-1.067230021666009353e-02
-1.231761000908451927e-02
-1.391430766230859414e-02
-1.545609171943262972e-02
-1.693687744314583896e-02
-1.835082082948367999e-02
-1.969234167151742362e-02
-2.095614558195398047e-02
-2.213724488773253715e-02
-2.323097831415616918e-02
-2.423302938087401950e-02
-2.513944343711334642e-02
-2.594664326893064699e-02
-2.665144321688728626e-02
-2.725106174843326332e-02
-2.774313243538151924e-02
-2.812571329314960886e-02
-2.839729444491080959e-02
-2.855680408040778273e-02
-2.860361268591191802e-02
-2.853753552863455209e-02
-2.835883338578530991e-02
-2.806821151540024595e-02
-2.766681687300134862e-02
-2.715623358507224597e-02
-2.653847669721416322e-02
-2.581598422165531578e-02
-2.499160751549885096e-02
-2.406860002768197032e-02
-2.305060445905716265e-02
-2.194163838626884619e-02
-2.074607840616162283e-02
-1.946864286329523519e-02
-1.811437322873292455e-02
-1.668861420359299408e-02
-1.519699262588583392e-02
-1.364539526388191745e-02
-1.203994558365048539e-02
-1.038697958245698820e-02
-8.693020783394324325e-03
-6.964754489932806214e-03
-5.209001401994831082e-03
-3.432690697679824897e-03
-1.642832686874007644e-03
1.535088553310272048e-04
1.949244566223142742e-03
3.737287474037477835e-03
5.510580967088261201e-03
7.262126643082864562e-03
8.985011928709230392e-03
1.067243736049437210e-02
1.231774341926861714e-02
1.391443681233173191e-02
1.545621609959698349e-02
1.693699656257813269e-02
1.835093421807238237e-02
1.969244888176810426e-02
2.095624619075537112e-02
2.213733849802634879e-02
2.323106455650411281e-02
2.423310791491585167e-02
2.513951395291005517e-02
2.594670548818766437e-02
2.665149689405282851e-02
2.725110667166738554e-02
2.774316842739216193e-02
2.812574021189227433e-02
2.839731218414916214e-02
2.855681257013293825e-02
2.860361189261869871e-02
2.853752545545373137e-02
2.835881407247126812e-02
2.806818303817404728e-02
2.766677934424996432e-02
2.715618715290501334e-02
2.653842154487824276e-02
2.581592056681250233e-02
2.499153560936652474e-02
2.406852015404172679e-02
2.305051693313481948e-02
2.194154355349035856e-02
2.074597664078987186e-02
1.946853456695296636e-02
1.811425882881774127e-02
1.668849415159057853e-02
1.519686739558813622e-02
1.364526534951734753e-02
1.203981149793336911e-02
1.038684185456413903e-02
8.692879956876606307e-03
6.964611120569974903e-03
5.208856055602118819e-03
3.432543947874927993e-03
1.642685112813268124e-03
-1.536566712382961275e-04
-1.949392040613165920e-03
-3.737434024894298844e-03
-5.510726016040698796e-03
-7.262269617687093330e-03
-8.985152264707941053e-03
-1.067257450404367723e-02
-1.231787682912380104e-02
-1.391456596198331792e-02
-1.545634047934862053e-02
-1.693711568155814237e-02
-1.835104760617102190e-02
-1.969255609149288960e-02
-2.095634679899709488e-02
-2.213743210772894238e-02
-2.323115079823163259e-02
-2.423318644831047586e-02
-2.513958446803534960e-02
-2.594676770675172911e-02
-2.665155057050660331e-02
-2.725115159417373228e-02
-2.774320441866189035e-02
-2.812576712988383229e-02
-2.839732992262917685e-02
-2.855682105909551280e-02
-2.860361109856164596e-02
-2.853751538151085357e-02
-2.835879475839993280e-02
-2.806815456019831970e-02
-2.766674181475978211e-02
-2.715614072001261078e-02
-2.653836639183362878e-02
-2.581585691128025772e-02
-2.499146370256680530e-02
-2.406844027975874392e-02
-2.305042940659691314e-02
-2.194144872012592298e-02
-2.074587487486410226e-02
-1.946842627009080090e-02
-1.811414442841881647e-02
-1.668837409914249170e-02
-1.519674216488461557e-02
-1.364513543478839200e-02
-1.203967741189475651e-02
-1.038670412639394400e-02
-8.692739130126782288e-03
-6.964467751021189909e-03
-5.208710709070340714e-03
-3.432397197978406464e-03
-1.642537538708701032e-03
1.538044871414218258e-04
1.949539514951093401e-03
3.737580575651277409e-03
5.510871064845941636e-03
7.262412592097343585e-03
8.985292600466677007e-03
1.067271164730794128e-02
1.231801023865000851e-02
1.391469511126327933e-02
1.545646485868745583e-02
1.693723480008580903e-02
1.835116099377958471e-02
1.969266330069175883e-02
2.095644740667916561e-02
2.213752571684035608e-02
2.323123703933877710e-02
2.423326498105798227e-02
2.513965498248929911e-02
2.594682992462289325e-02
2.665160424624866270e-02
2.725119651595234518e-02
2.774324040919073919e-02
2.812579404712427580e-02
2.839734766035083638e-02
2.855682954729543352e-02
2.860361030374070079e-02
2.853750530680583541e-02
2.835877544357124497e-02
2.806812608147302157e-02
2.766670428453074995e-02
2.715609428639500708e-02
2.653831123808032474e-02
2.581579325505864095e-02
2.499139179509970651e-02
2.406836040483303213e-02
2.305034187944347140e-02
2.194135388617557067e-02
2.074577310838433483e-02
1.946831797270874923e-02
1.811403002753618485e-02
1.668825404624877176e-02
1.519661693377529627e-02
1.364500551969506995e-02
1.203954332553463721e-02
1.038656639794637883e-02
8.692598303144814104e-03
6.964324381286407864e-03
5.208565362399455133e-03
3.432250447990206968e-03
1.642389964560253676e-03
-1.539523030404578593e-04
-1.949686989236976793e-03
-3.737727126308461670e-03
-5.511016113504034822e-03
-7.262555566313677775e-03
-8.985432935985478153e-03
-1.067284879028721455e-02
-1.231814364784728638e-02
-1.391482426017167685e-02
-1.545658923761356746e-02
-1.693735391816121941e-02
-1.835127438089810895e-02
-1.969277050936477785e-02
-2.095654801380163537e-02
-2.213761932536061419e-02
-2.323132327982555326e-02
-2.423334351315836396e-02
-2.513972549627192452e-02
-2.594689214180117415e-02
-2.665165792127900668e-02
-2.725124143700323118e-02
-2.774327639897871539e-02
-2.812582096361361181e-02
-2.839736539731410603e-02
-2.855683803473274204e-02
-2.860360950815588749e-02
-2.853749523133871160e-02
-2.835875612798521503e-02
-2.806809760199812515e-02
-2.766666675356284355e-02
-2.715604785205215366e-02
-2.653825608361827168e-02
-2.581572959814755486e-02
-2.499131988696517287e-02
-2.406828052926452549e-02
-2.305025435167441100e-02
-2.194125905163919754e-02
-2.074567134135048979e-02
-1.946820967480673154e-02
-1.811391562616975620e-02
-1.668813399290934932e-02
-1.519649170226010718e-02
-1.364487560423732412e-02
-1.203940923885297998e-02
-1.038642866922141750e-02
-8.692457475930693081e-03
-6.964181011365631370e-03
-5.208420015589460342e-03
-3.432103697910339479e-03
-1.642242390367939934e-03
1.541001189353863928e-04
1.949834463470795278e-03
3.737873676865829508e-03
5.511161162014954068e-03
7.262698540336056871e-03
8.985573271264309797e-03
1.067298593298144499e-02
