-3.457472663166429039e-02
-3.448883141514762218e-02
-3.426682408983922068e-02
-3.390958082010806646e-02
-3.341851148656768689e-02
-3.279555412190314490e-02
-3.204316726231622864e-02
-3.116432024477438015e-02
-3.016248148835575307e-02
-2.904160480593860269e-02
-2.780611380025690624e-02
-2.646088440590384228e-02
-2.501122564618238342e-02
-2.346285868074673986e-02
-2.182189422672480353e-02
-2.009480844242998374e-02
-1.828841736883899186e-02
-1.640985002970359041e-02
-1.446652029645825038e-02
-1.246609762896044339e-02
-1.041647680753689589e-02
-8.325746775789932483e-03
-6.202158717127590100e-03
-4.054093491005220790e-03
-1.890028557393277561e-03
2.814954799942268613e-04
2.451908579671603292e-03
4.612645084531183555e-03
6.755177526689830868e-03
8.871050281619507344e-03
1.095191293874406453e-02
1.298955325680319420e-02
1.497592957392346671e-02
1.690320254448826262e-02
1.876376607755516138e-02
2.055027735472076886e-02
2.225568580896563134e-02
2.387326095011266941e-02
2.539661892708441199e-02
2.681974772212951386e-02
2.813703087758829061e-02
2.934326966155802185e-02
3.043370358498020262e-02
3.140402918917777064e-02
3.225041702969631829e-02
3.296952678942154796e-02
3.355852046132817151e-02
3.401507354883399198e-02
3.433738423955616514e-02
3.452418051626472001e-02
3.457472517697006420e-02
3.448881874433203792e-02
3.426680025290837484e-02
3.390954591113579802e-02
3.341846564332422859e-02
3.279549752531138451e-02
3.204310013573779398e-02
3.116424285312808032e-02
3.016239413707204678e-02
2.904150783975424296e-02
2.780600760185436560e-02
2.646076939440110409e-02
2.501110227547878595e-02
2.346272743773169384e-02
2.182175562935622856e-02
2.009466303769018303e-02
1.828826573057592067e-02
1.640969275636616070e-02
1.446635800873451692e-02
1.246593096732801983e-02
1.041630642973526144e-02
8.325573354224647185e-03
6.201982936216596416e-03
4.053916044477750766e-03
1.889850145552008157e-03
-2.816741530369493650e-04
-2.452086808772587553e-03
-4.612822166299281566e-03
-6.755352762261900360e-03
-8.871222979418533910e-03
-1.095208241720848838e-02
-1.298971884707673941e-02
-1.497609062249482918e-02
-1.690335841577021367e-02
-1.876391615639293881e-02
-2.055042104881982593e-02
-2.225582255122914022e-02
-2.387339020087959549e-02
-2.539674017625936572e-02
-2.681986049119582452e-02
-2.813713472149650258e-02
-2.934336417048232989e-02
-3.043378838593582478e-02
-3.140410394749299644e-02
-3.225048145033325431e-02
-3.296958061814048158e-02
-3.355856348569109110e-02
-3.401510559904286080e-02
-3.433740518912298256e-02
-3.452419028251085126e-02
-3.457472372135250716e-02
-3.448880607259545428e-02
-3.426677641506246930e-02
-3.390951100125794149e-02
-3.341841979918822036e-02
-3.279544092784369980e-02
-3.204303300830350920e-02
-3.116416546064939772e-02
-3.016230678498274184e-02
-2.904141087279422592e-02
-2.780590140270918637e-02
-2.646065438219164304e-02
-2.501097890410718116e-02
-2.346259619408999977e-02
-2.182161703140482467e-02
-2.009451763241366581e-02
-1.828811409182437564e-02
-1.640953548259043576e-02
-1.446619572062439810e-02
-1.246576430536263692e-02
-1.041613605165541724e-02
-8.325399932436996359e-03
-6.201807155139960059e-03
-4.053738597842007976e-03
-1.889671733660267840e-03
2.818528260721447410e-04
2.452265037808077329e-03
4.612999247944174312e-03
6.755527997653549936e-03
8.871395676980628475e-03
1.095225189538041009e-02
1.298988443700337114e-02
1.497625167066623034e-02
1.690351428660072722e-02
1.876406623472958585e-02
2.055056474237002342e-02
2.225595929289823915e-02
2.387351945100894129e-02
2.539686142475604952e-02
2.681997325954585745e-02
2.813723856465326356e-02
2.934345867862296620e-02
3.043387318607865613e-02
3.140417870496947650e-02
3.225054587010882379e-02
3.296963444597892506e-02
3.355860650915776927e-02
3.401513764834326187e-02
3.433742613777275576e-02
3.452420004783498392e-02
3.457472226481157068e-02
3.448879339993777410e-02
3.426675257630141386e-02
3.390947609047451072e-02
3.341837395415975936e-02
3.279538432950021565e-02
3.204296588001353391e-02
3.116408806733849193e-02
3.016221943208794928e-02
2.904131390505864871e-02
2.780579520282144487e-02
2.646053936927554931e-02
2.501085553206766274e-02
2.346246494982173747e-02
2.182147843287070982e-02
2.009437222660056394e-02
1.828796245258449207e-02
1.640937820837654049e-02
1.446603343212800666e-02
1.246559764306440915e-02
1.041596567329746564e-02
8.325226510427066740e-03
6.201631373897745214e-03
4.053561151098048800e-03
1.889493321718099979e-03
-2.820314990997784574e-04
-2.452443266778044431e-03
-4.613176329465840976e-03
-6.755703232864750975e-03
-8.871568374305773691e-03
-1.095242137325980886e-02
-1.299005002658306165e-02
-1.497641271843764416e-02
-1.690367015697979980e-02
-1.876421631256511638e-02
-2.055070843537142034e-02
-2.225609603397299754e-02
-2.387364870050073112e-02
-2.539698267257448419e-02
-2.682008602717962653e-02
-2.813734240705857703e-02
-2.934355318597993423e-02
-3.043395798540869321e-02
-3.140425346160727327e-02
-3.225061028902312388e-02
-3.296968827293683679e-02
-3.355864953172820603e-02
-3.401516969673524377e-02
-3.433744708550549862e-02
-3.452420981223706248e-02
-3.457472080734725478e-02
-3.448878072635903208e-02
-3.426672873662520852e-02
-3.390944117878548492e-02
-3.341832810823885253e-02
-3.279532773028093207e-02
-3.204289875086785422e-02
-3.116401067319535950e-02
-3.016213207838768298e-02
-2.904121693654754255e-02
-2.780568900219115500e-02
-2.646042435565282638e-02
-2.501073215936023067e-02
-2.346233370492690692e-02
-2.182133983375380074e-02
-2.009422682025079759e-02
-1.828781081285620752e-02
-1.640922093372442284e-02
-1.446587114324528363e-02
-1.246543098043326539e-02
-1.041579529466133205e-02
-8.325053088194799347e-03
-6.201455592489908512e-03
-4.053383704245835939e-03
-1.889314909725470530e-03
2.822101721198818475e-04
2.452621495682520518e-03
4.613353410864316252e-03
6.755878467895546843e-03
8.871741071394007722e-03
1.095259085084673324e-02
1.299021561581586472e-02
1.497657376580912789e-02
1.690382602690748345e-02
1.876436638989957550e-02
2.055085212782402360e-02
2.225623277445342579e-02
2.387377794935500314e-02
2.539710391971475301e-02
2.682019879409724972e-02
2.813744624871258870e-02
2.934364769255340746e-02
3.043404278392614765e-02
3.140432821740660185e-02
3.225067470707633499e-02
3.296974209901446656e-02
3.355869255340264423e-02
3.401520174421901466e-02
3.433746803232139155e-02
3.452421957571730898e-02
3.457471934895974680e-02
3.448876805185934619e-02
3.426670489603399206e-02
3.390940626619098203e-02
3.341828226142557617e-02
3.279527113018586987e-02
3.204283162086648401e-02
3.116393327821999695e-02
3.016204472388195335e-02
2.904111996726089009e-02
2.780558280081831674e-02
2.646030934132349854e-02
2.501060878598489884e-02
2.346220245940552895e-02
2.182120123405420498e-02
2.009408141336446046e-02
1.828765917263955668e-02
1.640906365863410363e-02
1.446570885397625850e-02
1.246526431746924554e-02
1.041562491574705811e-02
8.324879665740209794e-03
6.201279810916463832e-03
4.053206257285374599e-03
1.889136497682383179e-03
-2.823888451324544236e-04
-2.452799724521508625e-03
-4.613530492139601875e-03
-6.756053702745938409e-03
-8.871913768245337506e-03
-1.095276032814118325e-02
-1.299038120470178206e-02
-1.497673481278067632e-02
-1.690398189638372961e-02
-1.876451646673291465e-02
-2.055099581972780198e-02
-2.225636951433946839e-02
-2.387390719757169835e-02
-2.539722516617675188e-02
-2.682031156029856395e-02
-2.813755008961506959e-02
-2.934374219834313610e-02
-3.043412758163070719e-02
-3.140440297236708755e-02
-3.225073912426810324e-02
-3.296979592421148825e-02
-3.355873557418074388e-02
-3.401523379079424148e-02
-3.433748897822017088e-02
-3.452422933827549445e-02
