5.804789386854411481e-02
5.622450552343251362e-02
5.417922401179262049e-02
5.192012115189716809e-02
4.945611261997007874e-02
4.679692276396978795e-02
4.395304622590435334e-02
4.093570652413770772e-02
3.775681175914463727e-02
3.442890761752384621e-02
3.096512785974174856e-02
2.737914248700962921e-02
2.368510379185675627e-02
1.989759050531355461e-02
1.603155026113145185e-02
1.210224060410733382e-02
8.125168775326745835e-03
4.116030511966626768e-03
9.064810318762432867e-05
-3.935092053418040234e-03
-7.945302148386271593e-03
-1.192415566251281943e-02
-1.585594982709953582e-02
-1.972516759581235263e-02
-2.351653888357547670e-02
-2.721510083081914860e-02
-3.080625685524470206e-02
-3.427583425805579703e-02
-3.761014015730962390e-02
-4.079601552764400285e-02
-4.382088713310945682e-02
-4.667281714815056659e-02
-4.934055027090451795e-02
-5.181355814288154948e-02
-5.408208089972263433e-02
-5.613716568905190857e-02
-5.797070200341104124e-02
-5.957545368883215842e-02
-6.094508750272544656e-02
-6.207419810837662422e-02
-6.295832940741154238e-02
-6.359399212603861207e-02
-6.397867758566357088e-02
-6.411086760353028324e-02
-6.399004048431446157e-02
-6.361667307902321711e-02
-6.299223890307596718e-02
-6.211920232099311240e-02
-6.100100882064314611e-02
-5.964207141543145796e-02
-5.804775322809511973e-02
-5.622434632483820638e-02
-5.417904688333920193e-02
-5.191992679263202765e-02
-4.945590179694295957e-02
-4.679669630920561124e-02
-4.395280503311952552e-02
-4.093545154521311541e-02
-3.775654400036888847e-02
-3.442862813562198171e-02
-3.096483775770477245e-02
-2.737884290974153603e-02
-2.368479592165603428e-02
-1.989727555720722726e-02
-1.603122947807988918e-02
-1.210191525209886564e-02
-8.124840138381335397e-03
-4.115699887068421763e-03
-9.031679516634304270e-05
3.935422737036697351e-03
7.945630902540844545e-03
1.192448118975657917e-02
1.585627084272095075e-02
1.972548283290526117e-02
2.351684709803899057e-02
2.721540080626760200e-02
3.080654740780814152e-02
3.427611424105221627e-02
3.761040846577037855e-02
4.079627110267475265e-02
4.382112896606898955e-02
4.667304428463155130e-02
4.934076181450008231e-02
5.181375325872301929e-02
5.408225881777440486e-02
5.613732570715039560e-02
5.797084349003584630e-02
5.957557608559833212e-02
6.094519032658730212e-02
6.207428095353399733e-02
6.295839194691137120e-02
6.359403411306523146e-02
6.397869885451284988e-02
6.411086807026354639e-02
6.399002014708972397e-02
6.361663201810241475e-02
6.299217728050832132e-02
6.211912037997557173e-02
6.100090688456057814e-02
5.964194988658029495e-02
5.804761258609581615e-02
5.622418712474228780e-02
5.417886975343878114e-02
5.191973243198020477e-02
4.945569097259495256e-02
4.679646985319151770e-02
4.395256383916075482e-02
4.093519656519514077e-02
3.775627624058468940e-02
3.442834865280056111e-02
3.096454765484076693e-02
2.737854333174216323e-02
2.368448805082267600e-02
1.989696060856943269e-02
1.603090869460012738e-02
1.210158989976713693e-02
8.124511501218879828e-03
4.115369262060242228e-03
8.998548714259156471e-05
-3.935753420550310890e-03
-7.945959656483274694e-03
-1.192480671668194256e-02
-1.585659185791896825e-02
-1.972579806947143133e-02
-2.351715531187452760e-02
-2.721570078098928605e-02
-3.080683795954891266e-02
-3.427639422313333989e-02
-3.761067677322687403e-02
-4.079652667661612386e-02
-4.382137079785834027e-02
-4.667327141986615802e-02
-4.934097335677804091e-02
-5.181394837318083202e-02
-5.408243673438189320e-02
-5.613748572374969992e-02
-5.797098497511244536e-02
-5.957569848077347296e-02
-6.094529314882154991e-02
-6.207436379703362705e-02
-6.295845448472987826e-02
-6.359407609839359821e-02
-6.397872012165356503e-02
-6.411086853528473462e-02
-6.398999980815611721e-02
-6.361659095548281850e-02
-6.299211565625863207e-02
-6.211903843729935093e-02
-6.100080494684914645e-02
-5.964182835613659334e-02
-5.804747194254656489e-02
-5.622402792314511177e-02
-5.417869262209170506e-02
-5.191953806994204640e-02
-4.945548014692639771e-02
-4.679624339592790977e-02
-4.395232264402838124e-02
-4.093494158408413075e-02
-3.775600847979231067e-02
-3.442806916905979259e-02
-3.096425755114990894e-02
-2.737824375301171898e-02
-2.368418017935692427e-02
-1.989664565940037211e-02
-1.603058791069231909e-02
-1.210126454711228650e-02
-8.124182863839500557e-03
-4.115038636942193982e-03
-8.965417911645671219e-05
3.936084103958812329e-03
7.946288410213509998e-03
1.192513224328886449e-02
1.585691287269355362e-02
1.972611330551085618e-02
2.351746352508207044e-02
2.721600075498422852e-02
3.080712851046704323e-02
3.427667420429912626e-02
3.761094507967896461e-02
4.079678224946801240e-02
4.382161262847750205e-02
4.667349855385442836e-02
4.934118489773834521e-02
5.181414348625492522e-02
5.408261464954509240e-02
5.613764573884981457e-02
5.797112645864095637e-02
5.957582087435765728e-02
6.094539596942825238e-02
6.207444663887556890e-02
6.295851702086706358e-02
6.359411808202371230e-02
6.397874138708586900e-02
6.411086899859391730e-02
6.398997946751369681e-02
6.361654989116428960e-02
6.299205403032666351e-02
6.211895649296410998e-02
6.100070300750858043e-02
5.964170682410001312e-02
5.804733129744697046e-02
5.622386872004631747e-02
5.417851548929767530e-02
5.191934370651727498e-02
4.945526931993704522e-02
4.679601693741451685e-02
4.395208144772218273e-02
4.093468660187989799e-02
3.775574071799162046e-02
3.442778968439964837e-02
3.096396744663216724e-02
2.737794417355013735e-02
2.368387230725867154e-02
1.989633070969995879e-02
1.603026712635641921e-02
1.210093919413428136e-02
8.123854226243180238e-03
4.114708011714276158e-03
8.932287108796128049e-05
-3.936414787262157433e-03
-7.946617163731489741e-03
-1.192545776957727212e-02
-1.585723388704462361e-02
-1.972642854102342816e-02
-2.351777173766149420e-02
-2.721630072825229063e-02
-3.080741906056239446e-02
-3.427695418454950599e-02
-3.761121338512658091e-02
-4.079703782123041134e-02
-4.382185445792633610e-02
-4.667372568659621662e-02
-4.934139643738098824e-02
-5.181433859794534053e-02
-5.408279256326403023e-02
-5.613780575245082283e-02
-5.797126794062136546e-02
-5.957594326635089893e-02
-6.094549878840743729e-02
-6.207452947905982982e-02
-6.295857955532302430e-02
-6.359416006395553211e-02
-6.397876265080953972e-02
-6.411086946019095567e-02
-6.398995912516237949e-02
-6.361650882514681415e-02
-6.299199240271240174e-02
-6.211887454696991828e-02
-6.100060106653894254e-02
-5.964158529047065144e-02
-5.804719065079718548e-02
-5.622370951544598122e-02
-5.417833835505669882e-02
-5.191914934170590440e-02
-4.945505849162689510e-02
-4.679579047765133892e-02
-4.395184025024216623e-02
-4.093443161858242862e-02
-3.775547295518257018e-02
-3.442751019882000357e-02
-3.096367734128743082e-02
-2.737764459335734202e-02
-2.368356443452785537e-02
-1.989601575946811987e-02
-1.602994634159234794e-02
-1.210061384083303999e-02
-8.123525588429839073e-03
-4.114377386376406355e-03
-8.899156305701346479e-05
3.936745470460443347e-03
7.946945917037314538e-03
1.192578329554726778e-02
1.585755490097227882e-02
1.972674377600925483e-02
2.351807994961294460e-02
2.721660070079357646e-02
3.080770960983504961e-02
3.427723416388453459e-02
3.761148168956984783e-02
4.079729339190334841e-02
4.382209628620489794e-02
4.667395281809157831e-02
4.934160797570594226e-02
5.181453370825203630e-02
5.408297047553868586e-02
5.613796576455262755e-02
5.797140942105361017e-02
5.957606565675309385e-02
6.094560160575901442e-02
6.207461231758633347e-02
6.295864208809751061e-02
6.359420204418897438e-02
6.397878391282452171e-02
6.411086992007579421e-02
6.398993878110212363e-02
6.361646775743041993e-02
6.299193077341591618e-02
6.211879259931683828e-02
6.100049912394022583e-02
5.964146375524854299e-02
