6.283185307179586614e-03
6.911503837897543800e-02
1.319468914507712920e-01
1.947787445225671321e-01
2.576105975943630000e-01
3.204424506661588401e-01
3.832743037379546802e-01
4.461061568097505203e-01
5.089380098815464715e-01
5.717698629533428667e-01
6.346017160251392619e-01
6.974335690969356572e-01
7.602654221687320524e-01
8.230972752405284476e-01
8.859291283123248428e-01
9.487609813841212381e-01
1.011592834455917522e+00
1.074424687527713917e+00
1.137256540599510313e+00
1.200088393671306708e+00
1.262920246743103103e+00
1.325752099814899498e+00
1.388583952886695894e+00
1.451415805958492289e+00
1.514247659030288684e+00
1.577079512102085079e+00
1.639911365173881475e+00
1.702743218245677870e+00
1.765575071317474265e+00
1.828406924389270660e+00
1.891238777461067055e+00
1.954070630532863451e+00
2.016902483604659846e+00
2.079734336676456241e+00
2.142566189748252636e+00
2.205398042820049032e+00
2.268229895891845427e+00
2.331061748963641822e+00
2.393893602035438217e+00
2.456725455107234612e+00
2.519557308179031008e+00
2.582389161250827403e+00
2.645221014322623798e+00
2.708052867394420193e+00
2.770884720466216589e+00
2.833716573538012984e+00
2.896548426609809379e+00
2.959380279681605774e+00
3.022212132753402170e+00
3.085043985825198565e+00
3.147875838896994960e+00
3.210707691968791355e+00
3.273539545040587750e+00
3.336371398112384146e+00
3.399203251184180541e+00
3.462035104255976936e+00
3.524866957327773331e+00
3.587698810399569727e+00
3.650530663471366122e+00
3.713362516543162517e+00
3.776194369614958912e+00
3.839026222686755307e+00
3.901858075758551703e+00
3.964689928830348098e+00
4.027521781902142273e+00
4.090353634973934227e+00
4.153185488045726181e+00
4.216017341117518136e+00
4.278849194189310090e+00
4.341681047261102044e+00
4.404512900332893999e+00
4.467344753404685953e+00
4.530176606476477907e+00
4.593008459548269862e+00
4.655840312620061816e+00
4.718672165691853770e+00
4.781504018763645725e+00
4.844335871835437679e+00
4.907167724907229633e+00
4.969999577979021588e+00
5.032831431050813542e+00
5.095663284122605496e+00
5.158495137194397451e+00
5.221326990266189405e+00
5.284158843337981359e+00
5.346990696409773314e+00
5.409822549481565268e+00
5.472654402553357222e+00
5.535486255625149177e+00
5.598318108696941131e+00
5.661149961768733085e+00
5.723981814840525040e+00
5.786813667912316994e+00
5.849645520984108948e+00
5.912477374055900903e+00
5.975309227127692857e+00
6.038141080199484811e+00
6.100972933271276766e+00
6.163804786343068720e+00
6.226636639414860674e+00
6.289468492486652629e+00
6.352300345558444583e+00
6.415132198630236537e+00
6.477964051702028492e+00
6.540795904773820446e+00
6.603627757845612400e+00
6.666459610917404355e+00
6.729291463989196309e+00
6.792123317060988263e+00
6.854955170132780218e+00
6.917787023204572172e+00
6.980618876276364126e+00
7.043450729348156081e+00
7.106282582419948035e+00
7.169114435491739989e+00
7.231946288563531944e+00
7.294778141635323898e+00
7.357609994707115852e+00
7.420441847778907807e+00
7.483273700850699761e+00
7.546105553922491715e+00
7.608937406994283670e+00
7.671769260066075624e+00
7.734601113137867578e+00
7.797432966209659533e+00
7.860264819281451487e+00
7.923096672353243441e+00
7.985928525425035396e+00
8.048760378496828238e+00
8.111592231568620193e+00
8.174424084640412147e+00
8.237255937712204101e+00
8.300087790783996056e+00
8.362919643855788010e+00
8.425751496927579964e+00
8.488583349999371919e+00
8.551415203071163873e+00
8.614247056142955827e+00
8.677078909214747782e+00
8.739910762286539736e+00
8.802742615358331690e+00
8.865574468430123645e+00
8.928406321501915599e+00
8.991238174573707553e+00
9.054070027645499508e+00
9.116901880717291462e+00
9.179733733789083416e+00
9.242565586860875371e+00
9.305397439932667325e+00
9.368229293004459279e+00
9.431061146076251234e+00
9.493892999148043188e+00
9.556724852219835142e+00
9.619556705291627097e+00
9.682388558363419051e+00
9.745220411435211005e+00
9.808052264507002960e+00
9.870884117578794914e+00
9.933715970650586868e+00
9.996547823722378823e+00
1.005937967679417078e+01
1.012221152986596273e+01
1.018504338293775469e+01
1.024787523600954664e+01
1.031070708908133859e+01
1.037353894215313055e+01
1.043637079522492250e+01
1.049920264829671446e+01
1.056203450136850641e+01
1.062486635444029837e+01
1.068769820751209032e+01
1.075053006058388227e+01
1.081336191365567423e+01
1.087619376672746618e+01
1.093902561979925814e+01
1.100185747287105009e+01
1.106468932594284205e+01
1.112752117901463400e+01
1.119035303208642596e+01
1.125318488515821791e+01
1.131601673823000986e+01
1.137884859130180182e+01
1.144168044437359377e+01
1.150451229744538573e+01
1.156734415051717768e+01
1.163017600358896964e+01
1.169300785666076159e+01
1.175583970973255354e+01
1.181867156280434550e+01
1.188150341587613745e+01
1.194433526894792941e+01
1.200716712201972136e+01
1.206999897509151332e+01
1.213283082816330527e+01
1.219566268123509722e+01
1.225849453430688918e+01
1.232132638737868113e+01
1.238415824045047309e+01
1.244699009352226504e+01
1.250982194659405700e+01
1.257265379966584895e+01
1.263548565273764090e+01
1.269831750580943286e+01
1.276114935888122481e+01
1.282398121195301677e+01
1.288681306502480872e+01
1.294964491809660068e+01
1.301247677116839263e+01
1.307530862424018459e+01
1.313814047731197654e+01
1.320097233038376849e+01
1.326380418345556045e+01
1.332663603652735240e+01
1.338946788959914436e+01
1.345229974267093631e+01
1.351513159574272827e+01
1.357796344881452022e+01
1.364079530188631217e+01
1.370362715495810413e+01
1.376645900802989608e+01
1.382929086110168804e+01
1.389212271417347999e+01
1.395495456724527195e+01
1.401778642031706390e+01
1.408061827338885585e+01
1.414345012646064781e+01
1.420628197953243976e+01
1.426911383260423172e+01
1.433194568567602367e+01
1.439477753874781563e+01
1.445760939181960758e+01
1.452044124489139953e+01
1.458327309796319149e+01
1.464610495103498344e+01
1.470893680410677540e+01
1.477176865717856735e+01
1.483460051025035931e+01
1.489743236332215126e+01
1.496026421639394322e+01
1.502309606946573517e+01
1.508592792253752712e+01
1.514875977560931908e+01
1.521159162868111103e+01
1.527442348175290299e+01
1.533725533482469494e+01
1.540008718789648690e+01
1.546291904096827885e+01
1.552575089404007080e+01
1.558858274711186276e+01
1.565141460018365471e+01
1.571424645325544667e+01
1.577707830632723862e+01
1.583991015939903058e+01
1.590274201247082253e+01
1.596557386554261448e+01
1.602840571861440822e+01
1.609123757168620017e+01
1.615406942475799212e+01
1.621690127782978408e+01
1.627973313090157603e+01
1.634256498397336799e+01
1.640539683704515994e+01
1.646822869011695190e+01
1.653106054318874385e+01
1.659389239626053580e+01
1.665672424933232776e+01
1.671955610240411971e+01
1.678238795547591167e+01
1.684521980854770362e+01
1.690805166161949558e+01
1.697088351469128753e+01
1.703371536776307948e+01
1.709654722083487144e+01
1.715937907390666339e+01
1.722221092697845535e+01
1.728504278005024730e+01
1.734787463312203926e+01
1.741070648619383121e+01
1.747353833926562316e+01
1.753637019233741512e+01
1.759920204540920707e+01
1.766203389848099903e+01
1.772486575155279098e+01
1.778769760462458294e+01
1.785052945769637489e+01
1.791336131076816685e+01
1.797619316383995880e+01
1.803902501691175075e+01
1.810185686998354271e+01
1.816468872305533466e+01
1.822752057612712662e+01
1.829035242919891857e+01
1.835318428227071053e+01
1.841601613534250248e+01
1.847884798841429443e+01
1.854167984148608639e+01
1.860451169455787834e+01
1.866734354762967030e+01
1.873017540070146225e+01
1.879300725377325421e+01
