-3.321731188641633206e-03
-6.269003995692814211e-04
2.070404487113414356e-03
4.759538406290695321e-03
7.429888540028640673e-03
1.007091620165676861e-02
1.267219842728643971e-02
1.522346911062280768e-02
1.771465951872947323e-02
2.013593802884812781e-02
2.247774892944949532e-02
2.473085013238522645e-02
2.688634964730746493e-02
2.893574067440777414e-02
3.087093517698001957e-02
3.268429580131112372e-02
3.436866601792619436e-02
3.591739836523368673e-02
3.732438068410567217e-02
3.858406023985683220e-02
3.969146563642360348e-02
4.064222643625763770e-02
4.143259040850302138e-02
4.205943833738577664e-02
4.252029633237406486e-02
4.281334559152599750e-02
4.293742957949355649e-02
4.289205859185431235e-02
4.267741168775731481e-02
4.229433598325619409e-02
4.174434330811803429e-02
4.102960423930247097e-02
4.015293953465776111e-02
3.911780900064171923e-02
3.792829783800132082e-02
3.658910051929872148e-02
3.510550226191174600e-02
3.348335816962694916e-02
3.172907012514385866e-02
2.984956152468575333e-02
2.785224995442770954e-02
2.574501791657659092e-02
2.353618172063367750e-02
2.123445866261244180e-02
1.884893262174066123e-02
1.638901821042116139e-02
1.386442361893566906e-02
1.128511230152693702e-02
8.661263655067452313e-03
6.003232845498355195e-03
3.321509940585905003e-03
6.266785102802921751e-04
-2.070626141937130776e-03
-4.759758951875937664e-03
-7.430107105979881152e-03
-1.007113192539121384e-02
-1.267241045743826809e-02
-1.522367661040312410e-02
-1.771486166922874028e-02
-2.013613403226805279e-02
-2.247793801225158108e-02
-2.473103154834359677e-02
-2.688652268045385596e-02
-2.893590464185716304e-02
-3.087108943162564581e-02
-3.268443973437841488e-02
-3.436879906137522978e-02
-3.591751999400100842e-02
-3.732449041817650914e-02
-3.858415764615951565e-02
-3.969155033053871351e-02
-4.064229808393509530e-02
-4.143264872698121382e-02
-4.205948309650754668e-02
-4.252032735549503284e-02
-4.281336275621169807e-02
-4.293743281800257300e-02
-4.289204789140570878e-02
-4.267738709058099822e-02
-4.229429758642630488e-02
-4.174429126316982902e-02
-4.102953875163423136e-02
-4.015286086272026184e-02
-3.911771745491820357e-02
-3.792819377978209894e-02
-3.658898435925537346e-02
-3.510537445847641824e-02
-3.348321922718305865e-02
-3.172892059203556714e-02
-2.984940199105385467e-02
-2.785208104988064898e-02
-2.574484030770564716e-02
-2.353599610838221293e-02
-2.123426577950962915e-02
-1.884873322901048365e-02
-1.638881309497823568e-02
-1.386421359027960667e-02
-1.128489818854761136e-02
-8.661046302773752620e-03
-6.003013111683311656e-03
-3.321288692441343778e-03
-6.264566209744364296e-04
2.070847796705683856e-03
4.759979497334204321e-03
7.430325671732831462e-03
1.007134764885684111e-02
1.267262248725180111e-02
1.522388410977701043e-02
1.771506381925506274e-02
2.013633003515036962e-02
2.247812709445353233e-02
2.473121296364164459e-02
2.688669571288235943e-02
2.893606860853391999e-02
3.087124368544696962e-02
3.268458366657291808e-02
3.436893210390640913e-02
3.591764162180906966e-02
3.732460015125048380e-02
3.858425505143170398e-02
3.969163502359369933e-02
4.064236973052701152e-02
4.143270704435274981e-02
4.205952785450594450e-02
4.252035837748035368e-02
4.281337991975390361e-02
4.293743605536482627e-02
4.289203718981152158e-02
4.267736249226483647e-02
4.229425918846679844e-02
4.174423921710671698e-02
4.102947326287021551e-02
4.015278218971039814e-02
3.911762590814994722e-02
3.792808972054990957e-02
3.658886819823484876e-02
3.510524665410354878e-02
3.348308028384497370e-02
3.172877105807994647e-02
2.984924245662484016e-02
2.785191214458982573e-02
2.574466269814720473e-02
2.353581049550225457e-02
2.123407289583981519e-02
1.884853383577703850e-02
1.638860797909773986e-02
1.386400356125338379e-02
1.128468407526700759e-02
8.660828950248847247e-03
6.002793377708039516e-03
3.321067444208178950e-03
6.262347316519451196e-04
-2.071069451418837241e-03
-4.760200042665253296e-03
-7.430544237287251344e-03
-1.007156337205340237e-02
-1.267283451672680632e-02
-1.522409160874423247e-02
-1.771526596880817692e-02
-2.013652603749483544e-02
-2.247831617605508536e-02
-2.473139437827914094e-02
-2.688686874459273943e-02
-2.893623257443782640e-02
-3.087139793844376201e-02
-3.268472759789450149e-02
-3.436906514551975322e-02
-3.591776324865798842e-02
-3.732470988332780432e-02
-3.858435245567359145e-02
-3.969171971558882461e-02
-4.064244137603367085e-02
-4.143276536061796245e-02
-4.205957261138128234e-02
-4.252038939833029108e-02
-4.281339708215290557e-02
-4.293743929158053141e-02
-4.289202648707204218e-02
-4.267733789280912793e-02
-4.229422078937798007e-02
-4.174418716992891326e-02
-4.102940777301053443e-02
-4.015270351562826717e-02
-3.911753436033700571e-02
-3.792798566030480129e-02
-3.658875203623715433e-02
-3.510511884879310290e-02
-3.348294133961261104e-02
-3.172862152327692031e-02
-2.984908292139863001e-02
-2.785174323855512529e-02
-2.574448508790118731e-02
-2.353562488199370875e-02
-2.123388001160286462e-02
-1.884833444204015579e-02
-1.638840286277949698e-02
-1.386379353185685295e-02
-1.128446996168498521e-02
-8.660611597492599151e-03
-6.002573643572418211e-03
-3.320846195886274343e-03
-6.260128423126794673e-04
2.071291106076733612e-03
4.760420587869232910e-03
7.430762802643287382e-03
1.007177909498105199e-02
1.267304654586342422e-02
1.522429910730492900e-02
1.771546811788824241e-02
2.013672203930157861e-02
2.247850525705638591e-02
2.473157579225621072e-02
2.688704177558512431e-02
2.893639653956902452e-02
3.087155219061618605e-02
3.268487152834326226e-02
3.436919818621528983e-02
3.591788487454769530e-02
3.732481961440829027e-02
3.858444985888497686e-02
3.969180440652390895e-02
4.064251302045490677e-02
4.143282367577659497e-02
4.205961736713327570e-02
4.252042041804456746e-02
4.281341424340843332e-02
4.293744252664944555e-02
4.289201578318696528e-02
4.267731329221354647e-02
4.229418238915950978e-02
4.174413512163616807e-02
4.102934228205502853e-02
4.015262484047375097e-02
3.911744281147940677e-02
3.792788159904679490e-02
3.658863587326234568e-02
3.510499104254517083e-02
3.348280239448611639e-02
3.172847198762657889e-02
2.984892338537528320e-02
2.785157433177666217e-02
2.574430747696767122e-02
2.353543926785665527e-02
2.123368712679886763e-02
1.884813504779993959e-02
1.638819774602362153e-02
1.386358350209009570e-02
1.128425584780160841e-02
8.660394244505063843e-03
6.002353909276486772e-03
3.320624947475678528e-03
6.257909529566890207e-04
-2.071512760679320928e-03
-4.760641132946088518e-03
-7.430981367800891871e-03
-1.007199481763973968e-02
-1.267325857466161491e-02
-1.522450660545907573e-02
-1.771567026649524187e-02
-2.013691804057059567e-02
-2.247869433745740622e-02
-2.473175720557283311e-02
-2.688721480585950716e-02
-2.893656050392746232e-02
-3.087170644196415847e-02
-3.268501545791917262e-02
-3.436933122599295648e-02
-3.591800649947817642e-02
-3.732492934449197636e-02
-3.858454726106597121e-02
-3.969188909639902868e-02
-4.064258466379078866e-02
-4.143288198982882087e-02
-4.205966212176216051e-02
-4.252045143662341875e-02
-4.281343140352070892e-02
-4.293744576057179074e-02
-4.289200507815653374e-02
-4.267728869047830720e-02
-4.229414398781163043e-02
-4.174408307222871040e-02
-4.102927679000391986e-02
-4.015254616424701606e-02
-3.911735126157719206e-02
-3.792777753677593205e-02
-3.658851970931041586e-02
-3.510486323535974562e-02
-3.348266344846543424e-02
-3.172832245112889443e-02
-2.984876384855476850e-02
-2.785140542425433574e-02
-2.574412986534656278e-02
-2.353525365309100045e-02
-2.123349424142778261e-02
-1.884793565305633439e-02
-1.638799262883005106e-02
-1.386337347195306866e-02
-1.128404173361685289e-02
-8.660176891286222242e-03
-6.002134174820237394e-03
