6.580563277041526216e-02
6.412335111120431863e-02
6.218800304804718293e-02
6.000722654069239742e-02
5.758962814601759767e-02
5.494474905176985335e-02
5.208302742173285399e-02
4.901575720092755939e-02
4.575504354342431468e-02
4.231375503867302462e-02
3.870547292489266711e-02
3.494443748995239990e-02
3.104549187127626439e-02
2.702402347656833459e-02
2.289590325654463840e-02
1.867742306933540750e-02
1.438523138375265645e-02
1.003626757517359427e-02
5.647695073345072522e-03
1.236833625944789607e-03
-3.178909054774924341e-03
-7.582105992500500630e-03
-1.195537972339720187e-02
-1.628147087724541794e-02
-2.054330629251387846e-02
-2.472406639654981669e-02
-2.880725158496645621e-02
-3.277674733825768766e-02
-3.661688781865367337e-02
-4.031251769622886533e-02
-4.384905196026209900e-02
-4.721253347979995768e-02
-5.038968808625741980e-02
-5.336797696066902796e-02
-5.613564611884187122e-02
-5.868177279911369892e-02
-6.099630856964487896e-02
-6.307011898511866166e-02
-6.489501963634224102e-02
-6.646380845047691888e-02
-6.777029411442274387e-02
-6.880932050918323051e-02
-6.957678705877839986e-02
-7.006966491339784719e-02
-7.028600890292652226e-02
-7.022496521366801414e-02
-6.988677475796785388e-02
-6.927277222343967977e-02
-6.838538080554562582e-02
-6.722810264431935967e-02
-6.580550500297387140e-02
-6.412320224294099091e-02
-6.218783366647883531e-02
-6.000703731429286869e-02
-5.758941982157947392e-02
-5.494452245145727692e-02
-5.208278343983667458e-02
-4.901549680033596285e-02
-4.575476775182289041e-02
-4.231346494448882944e-02
-3.870516967299864747e-02
-3.494412227714917274e-02
-3.104516594156883982e-02
-2.702368811625660561e-02
-2.289555978914689996e-02
-1.867707285036502435e-02
-1.438487579536844481e-02
-1.003590802072506713e-02
-5.647332971834034820e-03
-1.236470406425180983e-03
3.179271958836886198e-03
7.582467148883567654e-03
1.195573770677743446e-02
1.628182427482132572e-02
2.054365370958208259e-02
2.472440646200937606e-02
2.880758295672994698e-02
3.277706870854783100e-02
3.661719791916459577e-02
4.031281530313151479e-02
4.384933589903411422e-02
4.721280262986107118e-02
5.038994138539173301e-02
5.336821340921732437e-02
5.613586478364667592e-02
5.868197281720209657e-02
6.099648915163426860e-02
6.307027941833208418e-02
6.489515928762103203e-02
6.646392676867941829e-02
6.777039063259954199e-02
6.880939484642001336e-02
6.957683892169902462e-02
7.006969409732237419e-02
7.028601529267899939e-02
7.022494878403090501e-02
6.988673557378162482e-02
6.927271043934697670e-02
6.838529666538079033e-02
6.722799648014622653e-02
6.580537723377534454e-02
6.412305337296542174e-02
6.218766428324993406e-02
6.000684808629101058e-02
5.758921149560358721e-02
5.494429584967753383e-02
5.208253945654969103e-02
4.901523639843551050e-02
4.575449195899967264e-02
4.231317484917465621e-02
3.870486642007102407e-02
3.494380706341275455e-02
3.104484001103234928e-02
2.702335275522319696e-02
2.289521632113770966e-02
1.867672263089583187e-02
1.438452020660003876e-02
1.003554846600848011e-02
5.646970870172130820e-03
1.236107186872496605e-03
-3.179634862814000994e-03
-7.582828305064197652e-03
-1.195609568983844670e-02
-1.628217767196247015e-02
-2.054400112610170817e-02
-2.472474652680869273e-02
-2.880791432772413646e-02
-3.277739007796268145e-02
-3.661750801869765454e-02
-4.031311290895757404e-02
-4.384961983663510088e-02
-4.721307177866126276e-02
-5.039019468318035877e-02
-5.336844985634043442e-02
-5.613608344695241587e-02
-5.868217283372343523e-02
-6.099666973199478065e-02
-6.307043984986122898e-02
-6.489529893716675102e-02
-6.646404508510700415e-02
-6.777048714896656556e-02
-6.880946918181918281e-02
-6.957689078276153849e-02
-7.006972327937567580e-02
-7.028602168055438082e-02
-7.022493235251831001e-02
-6.988669638772891657e-02
-6.927264865340415634e-02
-6.838521252338955470e-02
-6.722789031417771011e-02
-6.580524946281945953e-02
-6.412290450127738906e-02
-6.218749489836019467e-02
-6.000665885668657329e-02
-5.758900316808973630e-02
-5.494406924643043671e-02
-5.208229547187182701e-02
-4.901497599522607052e-02
-4.575421616495453647e-02
-4.231288475273052574e-02
-3.870456316610974140e-02
-3.494349184874315922e-02
-3.104451407966681703e-02
-2.702301739346813989e-02
-2.289487285251711607e-02
-1.867637241092788558e-02
-1.438416461744750595e-02
-1.003518891102390953e-02
-5.646608768359455063e-03
-1.235743967286839252e-03
3.179997766706160744e-03
7.583189461042283940e-03
1.195645367258012411e-02
1.628253106866875410e-02
2.054434854207267194e-02
2.472508659094770078e-02
2.880824569794897608e-02
3.277771144650216267e-02
3.661781811725282887e-02
4.031341051370705003e-02
4.384990377306505205e-02
4.721334092620064343e-02
5.039044797962327626e-02
5.336868630203824709e-02
5.613630210875892451e-02
5.868237284867755532e-02
6.099685031072628327e-02
6.307060027970604055e-02
6.489543858497945350e-02
6.646416339975964871e-02
6.777058366352371743e-02
6.880954351538072500e-02
6.957694264196594147e-02
7.006975245955761322e-02
7.028602806655273594e-02
7.022491591913029851e-02
6.988665719980992341e-02
6.927258686561137135e-02
6.838512837957198831e-02
6.722778414641365774e-02
6.580512169010596657e-02
6.412275562787667083e-02
6.218732551180952001e-02
6.000646962547945273e-02
5.758879483903770607e-02
5.494384264171586069e-02
5.208205148580287436e-02
4.901471559070747636e-02
4.575394036968735700e-02
4.231259465515625068e-02
3.870425991111475783e-02
3.494317663314028960e-02
3.104418814747211819e-02
2.702268203099131294e-02
2.289452938328499429e-02
1.867602219046108139e-02
1.438380902791074403e-02
1.003482935577125652e-02
5.646246666395893926e-03
1.235380747668084244e-03
-3.180360670513499022e-03
-7.583550616817965294e-03
-1.195681165500260545e-02
-1.628288446494030595e-02
-2.054469595749509186e-02
-2.472542665442651125e-02
-2.880857706740458379e-02
-3.277803281416639958e-02
-3.661812821483018815e-02
-4.031370811738003990e-02
-4.385018770832408569e-02
-4.721361007247927566e-02
-5.039070127472060345e-02
-5.336892274631096361e-02
-5.613652076906642391e-02
-5.868257286206465806e-02
-6.099703088782892219e-02
-6.307076070786654665e-02
-6.489557823105915335e-02
-6.646428171263739360e-02
-6.777068017627115026e-02
-6.880961784710484808e-02
-6.957699449931238622e-02
-7.006978163786845015e-02
-7.028603445067418964e-02
-7.022489948386702319e-02
-6.988661801002458984e-02
-6.927252507596867726e-02
-6.838504423392829934e-02
-6.722767797685441638e-02
-6.580499391563530975e-02
-6.412260675276368338e-02
-6.218715612359825007e-02
-6.000628039266996117e-02
-5.758858650844790594e-02
-5.494361603553406248e-02
-5.208180749834313145e-02
-4.901445518488001252e-02
-4.575366457319832852e-02
-4.231230455645202532e-02
-3.870395665508614275e-02
-3.494286141660421507e-02
-3.104386221444834296e-02
-2.702234666779282021e-02
-2.289418591344147963e-02
-1.867567196949555461e-02
-1.438345343798988138e-02
-1.003446980025063905e-02
-5.645884564281565370e-03
-1.235017528016365369e-03
3.180723574235867507e-03
7.583911772391076049e-03
1.195716963710572595e-02
1.628323786077698343e-02
2.054504337236879447e-02
2.472576671724496106e-02
2.880890843609077920e-02
3.277835418095522563e-02
3.661843831142957278e-02
4.031400571997633547e-02
4.385047164241193118e-02
4.721387921749686106e-02
5.039095456847203502e-02
5.336915918915822316e-02
5.613673942787456017e-02
5.868277287388442426e-02
6.099721146330246146e-02
6.307092113434260849e-02
6.489571787540555914e-02
6.646440002373998901e-02
6.777077668720848935e-02
6.880969217699112184e-02
6.957704635480051192e-02
7.006981081430786740e-02
7.028604083291836724e-02
7.022488304672816484e-02
6.988657881837274932e-02
6.927246328447592139e-02
6.838496008645814084e-02
6.722757180549959743e-02
