1.352238000652800434e-02
1.535998725059510225e-02
1.713697544293132230e-02
1.884633159990592791e-02
2.048130965151147981e-02
2.203545706510767407e-02
2.350264031070354448e-02
2.487706906727783426e-02
2.615331907460583666e-02
2.732635354040684889e-02
2.839154301832752872e-02
2.934468367831178856e-02
3.018201389725200592e-02
3.090022910444577969e-02
3.149649482326961208e-02
3.196845785760007302e-02
3.231425557883422367e-02
3.253252327685805106e-02
3.262239954595150260e-02
3.258352968437451536e-02
3.241606709421728655e-02
3.212067267599030829e-02
3.169851222034352628e-02
3.115125180720798581e-02
3.048105123051796442e-02
2.969055547446293464e-02
2.878288427490904855e-02
2.776161980718645089e-02
2.663079254883328473e-02
2.539486537308991224e-02
2.405871593591916990e-02
2.262761742606336432e-02
2.110721775410899156e-02
1.950351726269060684e-02
1.782284504580185225e-02
1.607183397067078745e-02
1.425739450077719017e-02
1.238668742332052139e-02
1.046709558877139366e-02
8.506194774037835471e-03
6.511723784236565088e-03
4.491553911064241969e-03
2.453657868303052002e-03
4.060783270583067446e-04
-1.643103825094451020e-03
-3.685801375785787305e-03
-5.713952704489873129e-03
-7.719553598162320548e-03
-9.694688840316193282e-03
-1.163156344886809475e-02
-1.352253343947243218e-02
-1.536013599293463427e-02
-1.713711890764595819e-02
-1.884646922080413997e-02
-2.048144088546465999e-02
-2.203558139419366582e-02
-2.350275724425062926e-02
-2.487717814380119991e-02
-2.615341986362888435e-02
-2.732644564416002522e-02
-2.839162607331820881e-02
-2.934475735675878480e-02
-3.018207790837921026e-02
-3.090028319562967973e-02
-3.149653878103632343e-02
-3.196849150846779036e-02
-3.231427878999788145e-02
-3.253253595671352916e-02
-3.262240164445703167e-02
-3.258352119324821328e-02
-3.241604804696985448e-02
-3.212064314779278923e-02
-3.169847232773057716e-02
-3.115120170761807861e-02
-3.048099112167192148e-02
-2.969048559358370212e-02
-2.878280489778544532e-02
-2.776153124708475098e-02
-2.663069515526087991e-02
-2.539475953041601605e-02
-2.405860206185782280e-02
-2.262749597002495713e-02
-2.110708919542659753e-02
-1.950338210872828298e-02
-1.782270382995228622e-02
-1.607168725025026265e-02
-1.425724285482607261e-02
-1.238653145031806506e-02
-1.046693590427381221e-02
-8.506032008248958984e-03
-6.511558579520713291e-03
-4.491386919411095857e-03
-2.453489748754545449e-03
-4.059097431076746573e-04
1.643272208121186826e-03
3.685968893355561805e-03
5.714118695485192675e-03
7.719717407490407808e-03
9.694849821494348416e-03
1.163172096657505428e-02
1.352268687205572702e-02
1.536028473486397011e-02
1.713726237190296361e-02
1.884660684119906712e-02
2.048157211887088880e-02
2.203570572269120120e-02
2.350287417717008068e-02
2.487728721966023238e-02
2.615352065195348033e-02
2.732653774718342768e-02
2.839170912755065862e-02
2.934483103442210236e-02
3.018214191870035104e-02
3.090033728598832671e-02
3.149658273796183267e-02
3.196852515848168375e-02
3.231430200029853511e-02
3.253254863570016059e-02
3.262240374209131322e-02
3.258351270125167676e-02
3.241602899885665662e-02
3.212061361873739390e-02
3.169843243427108298e-02
3.115115160719623272e-02
3.048093101201186303e-02
2.969041571191156220e-02
2.878272551989314795e-02
2.776144268624161637e-02
2.663059776097728357e-02
2.539465368706392626e-02
2.405848818715397228e-02
2.262737451338225902e-02
2.110696063618050858e-02
1.950324695424507371e-02
1.782256261362671554e-02
1.607154052940049441e-02
1.425709120849417456e-02
1.238637547698480564e-02
1.046677621949669221e-02
8.505869242232918723e-03
6.511393374630962405e-03
4.491219927638009229e-03
2.453321629140524460e-03
4.057411591462093845e-04
-1.643440591104029791e-03
-3.686136410826890315e-03
-5.714284686327905996e-03
-7.719881216612329254e-03
-9.695010802413578724e-03
-1.163187848397137167e-02
-1.352284030427788365e-02
-1.536043347638308895e-02
-1.713740583570228654e-02
-1.884674446109065732e-02
-2.048170335173013154e-02
-2.203583005060024552e-02
-2.350299110946185710e-02
-2.487739629485490045e-02
-2.615362143957966970e-02
-2.732662984947709789e-02
-2.839179218102494059e-02
-2.934490471130178635e-02
-3.018220592821551154e-02
-3.090039137552182125e-02
-3.149662669404628551e-02
-3.196855880764191971e-02
-3.231432520973626099e-02
-3.253256131381802169e-02
-3.262240583885440970e-02
-3.258350420838505151e-02
-3.241600994987785950e-02
-3.212058408882430272e-02
-3.169839253996512701e-02
-3.115110150594253488e-02
-3.048087090153783763e-02
-2.969034582944657732e-02
-2.878264614123227788e-02
-2.776135412465717545e-02
-2.663050036598252346e-02
-2.539454784303368795e-02
-2.405837431180766692e-02
-2.262725305613531163e-02
-2.110683207637076980e-02
-1.950311179924104493e-02
-1.782242139682520266e-02
-1.607139380812152088e-02
-1.425693956178151686e-02
-1.238621950332072057e-02
-1.046661653444000417e-02
-8.505706475989671320e-03
-6.511228169567267327e-03
-4.491052935744918768e-03
-2.453153509460917481e-03
-4.055725751738386642e-04
1.643608974043056460e-03
3.686303928199854800e-03
5.714450677018093755e-03
7.720045025528165551e-03
9.695171783073979616e-03
1.163203600105712672e-02
1.352299373613897321e-02
1.536058221749206712e-02
1.713754929904402063e-02
1.884688208047901811e-02
2.048183458404246801e-02
2.203595437792087164e-02
2.350310804112602792e-02
2.487750536938523535e-02
2.615372222650740389e-02
2.732672195104099769e-02
2.839187523374101310e-02
2.934497838739781247e-02
3.018226993692463625e-02
3.090044546423009048e-02
3.149667064928958482e-02
3.196859245594842192e-02
3.231434841831101051e-02
3.253257399106709857e-02
3.262240793474633499e-02
3.258349571464823347e-02
3.241599090003332434e-02
3.212055455805332832e-02
3.169835264481257742e-02
3.115105140385686019e-02
3.048081079024973425e-02
2.969027594618860177e-02
2.878256676180264428e-02
2.776126556233126513e-02
2.663040297027652673e-02
2.539444199832521093e-02
2.405826043581879570e-02
2.262713159828403861e-02
2.110670351599732569e-02
1.950297664371615156e-02
1.782228017954771981e-02
1.607124708641337330e-02
1.425678791468814981e-02
1.238606352932589659e-02
1.046645684910385218e-02
8.505543709519327797e-03
6.511062964329739945e-03
4.490885943731951976e-03
2.452985389715862854e-03
4.054039911907035510e-04
-1.643777356938121116e-03
-3.686471445474303471e-03
-5.714616667555601562e-03
-7.720208834237757105e-03
-9.695332763475400170e-03
-1.163219351783218412e-02
-1.352314716763886905e-02
-1.536073095819077625e-02
-1.713769276192802365e-02
-1.884701969936400032e-02
-2.048196581580779066e-02
-2.203607870465299629e-02
-2.350322497216251680e-02
-2.487761444325119545e-02
-2.615382301273672105e-02
-2.732681405187512361e-02
-2.839195828569884839e-02
-2.934505206271016339e-02
-3.018233394482773904e-02
-3.090049955211314481e-02
-3.149671460369172366e-02
-3.196862610340112792e-02
-3.231437162602272817e-02
-3.253258666744730798e-02
-3.262241002976698501e-02
-3.258348722004123649e-02
-3.241597184932309278e-02
-3.212052502642457480e-02
-3.169831274881351746e-02
-3.115100130093929540e-02
-3.048075067814765005e-02
-2.969020606213778821e-02
-2.878248738160442410e-02
-2.776117699926403462e-02
-2.663030557385939745e-02
-2.539433615293863050e-02
-2.405814655918750780e-02
-2.262701013982855794e-02
-2.110657495506025258e-02
-1.950284148767044562e-02
-1.782213896179431212e-02
-1.607110036427604818e-02
-1.425663626721405258e-02
-1.238590755500029728e-02
-1.046629716348817206e-02
-8.505380942821813561e-03
-6.510897758918303933e-03
-4.490718951599021250e-03
-2.452817269905265603e-03
-4.052354071967079847e-04
1.643945739789321771e-03
3.686638962650335208e-03
5.714782657940527429e-03
7.720372642741213202e-03
9.695493743617927124e-03
1.163235103429660806e-02
