9.600887680358178439e-03
1.027055458665906973e-02
1.089968817287080907e-02
1.148580552798664917e-02
1.202659350697003575e-02
1.251991785971133184e-02
1.296383165396568747e-02
1.335658295903035912e-02
1.369662175983758258e-02
1.398260607417601935e-02
1.421340724889887282e-02
1.438811441421688521e-02
1.450603807849706016e-02
1.456671284938010867e-02
1.456989927047748837e-02
1.451558476639951134e-02
1.440398369238480962e-02
1.423553648833534788e-02
1.401090794059564430e-02
1.373098455833615845e-02
1.339687107489507568e-02
1.300988608788620354e-02
1.257155685527946640e-02
1.208361326799165143e-02
1.154798102277476701e-02
1.096677402234578352e-02
1.034228603275088275e-02
9.676981630889062644e-03
8.973486477921056165e-03
8.234576956950206972e-03
7.463169215870747025e-03
6.662307658626448643e-03
5.835152930299622627e-03
4.984969443447901348e-03
4.115112494916869403e-03
3.229015023972766057e-03
2.330174064014995088e-03
1.422136941337554406e-03
5.084872754067341601e-04
-4.071691640942393673e-04
-1.321218687637616641e-03
-2.230053947479661638e-03
-3.130088174260972026e-03
-4.017769332393061020e-03
-4.889594138366153316e-03
-5.742121886654179969e-03
-6.571988028652221182e-03
-7.375917451056423178e-03
-8.150737401282446420e-03
-8.893390008911613784e-03
-9.600944353748133361e-03
-1.027060803286012312e-02
-1.089973818095453517e-02
-1.148585190059333953e-02
-1.202663606108758838e-02
-1.251995642739753972e-02
-1.296386608301101223e-02
-1.335661311355863627e-02
-1.369664752084227659e-02
-1.398262733998987054e-02
-1.421342393559516491e-02
-1.438812645594063529e-02
-1.450604542772492879e-02
-1.456671547710794608e-02
-1.456989716633482444e-02
-1.451557793869046736e-02
-1.440397216805532413e-02
-1.423552031286682597e-02
-1.401088717782549356e-02
-1.373095929020581515e-02
-1.339684140112662632e-02
-1.300985212558884198e-02
-1.257151873848730977e-02
-1.208357114713475358e-02
-1.154793506408545098e-02
-1.096672440720259691e-02
-1.034223295696278314e-02
-9.676925303922620861e-03
-8.973427122073799819e-03
-8.234514806473323956e-03
-7.463104516044581985e-03
-6.662240664792496055e-03
-5.835083906852803377e-03
-4.984898662793123096e-03
-4.115040236393958592e-03
-3.228941572754038571e-03
-2.330099709979807990e-03
-1.422061977928282695e-03
-5.084119984706790291e-04
4.072444574724249245e-04
1.321293700308390348e-03
2.230128383401307722e-03
3.130161739667948213e-03
4.017841736955359878e-03
4.889665096335107930e-03
5.742191117990181649e-03
6.572055260129916997e-03
7.375982417343012257e-03
8.150799845984836242e-03
8.893449685588285247e-03
9.601001026881727379e-03
1.027066147878694623e-02
1.089978818874723712e-02
1.148589827289334814e-02
1.202667861488402809e-02
1.251999499474946466e-02
1.296390051171019200e-02
1.335664326773028723e-02
1.369667328148127007e-02
1.398264860543040056e-02
1.421344062191197237e-02
1.438813849728022912e-02
1.450605277656548918e-02
1.456671810444686369e-02
1.456989506180315745e-02
1.451557111059386708e-02
1.440396064334125391e-02
1.423550413701822094e-02
1.401086641468124276e-02
1.373093402170882937e-02
1.339681172700045789e-02
1.300981816294408989e-02
1.257148062135946161e-02
1.208352902595519543e-02
1.154788910508777917e-02
1.096667479176657335e-02
1.034217988089850340e-02
9.676868976697759056e-03
8.973367765986922651e-03
8.234452655776550861e-03
7.463039816019116299e-03
6.662173670780625022e-03
5.835014883250160857e-03
4.984827882005223032e-03
4.114967977761155651e-03
3.228868121449083185e-03
2.330025355882398095e-03
1.421987014481035719e-03
5.083367215210455670e-04
-4.073197508397382108e-04
-1.321368712943884333e-03
-2.230202819263405519e-03
-3.130235304991343687e-03
-4.017914141410374763e-03
-4.889736054173498582e-03
-5.742260349172856326e-03
-6.572122491432124715e-03
-7.376047383432646903e-03
-8.150862290469582452e-03
-8.893509362027469597e-03
-9.601057699758934472e-03
-1.027071492443948526e-02
-1.089983819624884033e-02
-1.148594464488660732e-02
-1.202672116835926813e-02
-1.252003356176701471e-02
-1.296393494006315567e-02
-1.335667342154523048e-02
-1.369669904175446415e-02
-1.398266987049748972e-02
-1.421345730784917376e-02
-1.438815053823555914e-02
-1.450606012501863898e-02
-1.456672073139675394e-02
-1.456989295688238158e-02
-1.451556428210960988e-02
-1.440394911824251049e-02
-1.423548796078944433e-02
-1.401084565116282078e-02
-1.373090875284516295e-02
-1.339678205251652876e-02
-1.300978419995191433e-02
-1.257144250389589588e-02
-1.208348690445294055e-02
-1.154784314578171864e-02
-1.096662517603768164e-02
-1.034212680455805049e-02
-9.676812649214492842e-03
-8.973308409660409046e-03
-8.234390504859863402e-03
-7.462975115794343896e-03
-6.662106676590838147e-03
-5.834945859491685524e-03
-4.984757101084197686e-03
-4.114895719018456244e-03
-3.228794670057892092e-03
-2.329951001722754995e-03
-1.421912050995803936e-03
-5.082614445578275937e-04
4.073950441961823161e-04
1.321443725544096427e-03
2.230277255065949826e-03
3.130308870231146307e-03
4.017986545758090930e-03
4.889807011881304455e-03
5.742329580202171907e-03
6.572189722558813112e-03
7.376112349325292424e-03
8.150924734736638214e-03
8.893569038229140813e-03
9.601114372379739026e-03
1.027076836981774717e-02
1.089988820345937082e-02
1.148599101657313791e-02
1.202676372151334494e-02
1.252007212845021762e-02
1.296396936806990668e-02
1.335670357500347641e-02
1.369672480166188831e-02
1.398269113519116751e-02
1.421347399340679857e-02
1.438816257880663578e-02
1.450606747308438166e-02
1.456672335795760297e-02
1.456989085157247080e-02
1.451555745323766106e-02
1.440393759275905572e-02
1.423547178418045969e-02
1.401082488727020507e-02
1.373088348361476904e-02
1.339675237767480077e-02
1.300975023661227539e-02
1.257140438609656748e-02
1.208344478262796291e-02
1.154779718616723988e-02
1.096657556001589401e-02
1.034207372794136888e-02
9.676756321472756300e-03
8.973249053094219108e-03
8.234328353723245966e-03
7.462910415370246561e-03
6.662039682223111145e-03
5.834876835577363502e-03
4.984686320030031446e-03
4.114823460165849094e-03
3.228721218580461391e-03
2.329876647500877824e-03
1.421837087472591467e-03
5.081861675810300967e-04
-4.074703375417506267e-04
-1.321518738109022728e-03
-2.230351690808935437e-03
-3.130382435387354771e-03
-4.018058949998504908e-03
-4.889877969458526416e-03
-5.742398811078139667e-03
-6.572256953509989126e-03
-7.376177315020952287e-03
-8.150987178786022608e-03
-8.893628714193300630e-03
-9.601171044744134103e-03
-1.027082181492171113e-02
-1.089993821037880256e-02
-1.148603738795292775e-02
-1.202680627434622902e-02
-1.252011069479905953e-02
-1.296400379573044680e-02
-1.335673372810501289e-02
-1.369675056120351481e-02
-1.398271239951141311e-02
-1.421349067858482598e-02
-1.438817461899346076e-02
-1.450607482076272242e-02
-1.456672598412944025e-02
-1.456988874587346501e-02
-1.451555062397808481e-02
-1.440392606689095724e-02
-1.423545560719131735e-02
-1.401080412300341124e-02
-1.373085821401767367e-02
-1.339672270247527913e-02
-1.300971627292517654e-02
-1.257136626796149896e-02
-1.208340266048027467e-02
-1.154775122624434984e-02
-1.096652594370122434e-02
-1.034202065104848460e-02
-9.676699993472604941e-03
-8.973189696288408346e-03
-8.234266202366740187e-03
-7.462845714746864194e-03
-6.661972687677491720e-03
-5.834807811507235556e-03
-4.984615538842768548e-03
-4.114751201203373232e-03
-3.228647767016826643e-03
-2.329802293216800841e-03
-1.421762123911426718e-03
-5.081108905906796388e-04
4.075456308764194529e-04
1.321593750638638516e-03
2.230426126492340670e-03
3.130456000459947829e-03
4.018131354131596750e-03
4.889948926905141914e-03
5.742468041800734453e-03
6.572324184285632809e-03
7.376242280519617819e-03
8.151049622617716553e-03
8.893688389919938639e-03
