-1.474832681206219610e-04
-2.295341289343134743e-03
-4.434140617346137361e-03
-6.555440360546132064e-03
-8.650868690453169391e-03
-1.071215588156183840e-02
-1.273116694828710718e-02
-1.469993375014145252e-02
-1.661068643844855128e-02
-1.845588412048707397e-02
-2.022824462004709986e-02
-2.192077321694716613e-02
-2.352679025209005945e-02
-2.503995748911232860e-02
-2.645430312858979352e-02
-2.776424537607912954e-02
-2.896461447098290162e-02
-3.005067308929993894e-02
-3.101813503974033479e-02
-3.186318217941992020e-02
-3.258247948237552594e-02
-3.317318820143202313e-02
-3.363297707147735321e-02
-3.396003150993123776e-02
-3.415306077809708574e-02
-3.421130307513471636e-02
-3.413452854455015228e-02
-3.392304018133717597e-02
-3.357767263619051978e-02
-3.309978892151008850e-02
-3.249127503219609303e-02
-3.175453250246428050e-02
-3.089246892805630126e-02
-2.990848649125005254e-02
-2.880646853395628371e-02
-2.759076423189185667e-02
-2.626617143031367146e-02
-2.483791770905307769e-02
-2.331163975157873533e-02
-2.169336109950890934e-02
-1.998946838036639445e-02
-1.820668610239462720e-02
-1.635205011590847024e-02
-1.443287984591605684e-02
-1.245674940559724289e-02
-1.043145770464083168e-02
-8.364997670409818689e-03
-6.265524703404934739e-03
-4.141324491518898546e-03
-2.000780310104109238e-03
1.476600630940178363e-04
2.295517687566039217e-03
4.434315922653061896e-03
6.555613881084842304e-03
8.651039741415122997e-03
1.071232378788481224e-02
1.273133104731937436e-02
1.470009339425697170e-02
1.661084099760285274e-02
1.845603298470378101e-02
2.022838720182524447e-02
2.192090895357974231e-02
2.352691860788483358e-02
2.504007795750595039e-02
2.645441523414698501e-02
2.776434867636902101e-02
2.896470855832511057e-02
3.005075759237347752e-02
3.101820962504908338e-02
3.186324655260881072e-02
3.258253338939214733e-02
3.317323142952928461e-02
3.363300945005317372e-02
3.396005291120173658e-02
3.415307111760092912e-02
3.421130231206646888e-02
3.413451668192132166e-02
3.392301726596427119e-02
3.357763875851035862e-02
3.309974421522286075e-02
3.249121967373767156e-02
3.175446671030989626e-02
3.089239296185841699e-02
2.990840065081350543e-02
2.880637315805517629e-02
2.759065969693252560e-02
2.626605814884919871e-02
2.483779612815513807e-02
2.331151035107315375e-02
2.169322439008204359e-02
1.998932490154966754e-02
1.820653642043524797e-02
1.635189482153468626e-02
1.443271955200582483e-02
1.245658474475948470e-02
1.043128932671878555e-02
8.364826239916398065e-03
6.265350896900207141e-03
4.141148994939990516e-03
2.000603816058120054e-03
-1.478368580634321959e-04
-2.295694085727609073e-03
-4.434491227841543849e-03
-6.555787401448472107e-03
-8.651210792146047865e-03
-1.071249169392172670e-02
-1.273149514601166869e-02
-1.470025303797995071e-02
-1.661099555631360622e-02
-1.845618184842769821e-02
-2.022852978306325517e-02
-2.192104468962702279e-02
-2.352704696305144352e-02
-2.504019842523101669e-02
-2.645452733899786996e-02
-2.776445197591763392e-02
-2.896480264489399714e-02
-3.005084209464471343e-02
-3.101828420952969581e-02
-3.186331092494695816e-02
-3.258258729553878408e-02
-3.317327465674077547e-02
-3.363304182773090706e-02
-3.396007431156539136e-02
-3.415308145619280061e-02
-3.421130154808475765e-02
-3.413450481838106038e-02
-3.392299434968560484e-02
-3.357760487993363685e-02
-3.309969950805179834e-02
-3.249116431441163855e-02
-3.175440091730758613e-02
-3.089231699483559190e-02
-2.990831480957829164e-02
-2.880627778138482656e-02
-2.759055516123642970e-02
-2.626594486668334602e-02
-2.483767454659395121e-02
-2.331138094994509441e-02
-2.169308768007591204e-02
-1.998918142219918356e-02
-1.820638673798971943e-02
-1.635173952672427586e-02
-1.443255925771022748e-02
-1.245642008358912450e-02
-1.043112094851821221e-02
-8.364654809199633528e-03
-6.265177090228204494e-03
-4.140973498250530294e-03
-2.000427321958735648e-03
1.480136530288726022e-04
2.295870483827852117e-03
4.434666532911588424e-03
6.555960921637021474e-03
8.651381842645935322e-03
1.071265959967255578e-02
1.273165924436397978e-02
1.470041268131038435e-02
1.661115011458079438e-02
1.845633071165876313e-02
2.022867236376109379e-02
2.192118042508889655e-02
2.352717531758975397e-02
2.504031889228739219e-02
2.645463944314228530e-02
2.776455527472480520e-02
2.896489673068936704e-02
3.005092659611342115e-02
3.101835879318196390e-02
3.186337529643421679e-02
3.258264120081533211e-02
3.317331788306644019e-02
3.363307420451053242e-02
3.396009571102220209e-02
3.415309179387260308e-02
3.421130078318932594e-02
3.413449295392917415e-02
3.392297143250096181e-02
3.357757100046019488e-02
3.309965479999679022e-02
3.249110895421792461e-02
3.175433512345725295e-02
3.089224102698777397e-02
2.990822896754435564e-02
2.880618240394517207e-02
2.759045062480349267e-02
2.626583158381601973e-02
2.483755296436943732e-02
2.331125154819445322e-02
2.169295096949041060e-02
1.998903794231483150e-02
1.820623705505792014e-02
1.635158423147713841e-02
1.443239896302915548e-02
1.245625542208607210e-02
1.043095257003904403e-02
8.364483378259467833e-03
6.265003283388860880e-03
4.140798001450460633e-03
2.000250827805908748e-03
-1.481904479903762705e-04
-2.296046881866796105e-03
-4.434841837863211234e-03
-6.556134441650490405e-03
-8.651552892914783632e-03
-1.071282750513729252e-02
-1.273182334237626598e-02
-1.470057232424821017e-02
-1.661130467240433395e-02
-1.845647957439689249e-02
-2.022881494391868748e-02
-2.192131615996534624e-02
-2.352730367149974758e-02
-2.504043935867500750e-02
-2.645475154658018940e-02
-2.776465857279047933e-02
-2.896499081571119599e-02
-3.005101109677957988e-02
-3.101843337600583214e-02
-3.186343966707048947e-02
-3.258269510522170120e-02
-3.317336110850613307e-02
-3.363310658039191103e-02
-3.396011710957204388e-02
-3.415310213064035733e-02
-3.421130001738034027e-02
-3.413448108856571156e-02
-3.392294851441034903e-02
-3.357753712008999802e-02
-3.309961009105777396e-02
-3.249105359315642566e-02
-3.175426932875881347e-02
-3.089216505831486256e-02
-2.990814312471161765e-02
-2.880608702573617466e-02
-2.759034608763365898e-02
-2.626571830024718515e-02
-2.483743138148155477e-02
-2.331112214582122324e-02
-2.169281425832554275e-02
-1.998889446189661134e-02
-1.820608737163988480e-02
-1.635142893579328779e-02
-1.443223866796261926e-02
-1.245609076025032576e-02
-1.043078419128127751e-02
-8.364311947095897509e-03
-6.264829476382187574e-03
-4.140622504539790208e-03
-2.000074333599650631e-03
1.483672429479327109e-04
2.296223279844427593e-03
4.435017142696400134e-03
6.556307961488873695e-03
8.651723942952582388e-03
1.071299541031593000e-02
1.273198744004853250e-02
1.470073196679343337e-02
1.661145922978425268e-02
1.845662843664212793e-02
2.022895752353601889e-02
2.192145189425632329e-02
2.352743202478137577e-02
2.504055982439385222e-02
2.645486364931153023e-02
2.776476187011458693e-02
2.896508489995939378e-02
3.005109559664310634e-02
3.101850795800124502e-02
3.186350403685574151e-02
3.258274900875782198e-02
3.317340433305973613e-02
3.363313895537491799e-02
3.396013850721479183e-02
3.415311246649582050e-02
3.421129925065749533e-02
3.413446922229047137e-02
3.392292559541367630e-02
3.357750323882294913e-02
3.309956538123471487e-02
3.249099823122715558e-02
3.175420353321230932e-02
3.089208908881692361e-02
2.990805728108013317e-02
2.880599164675784474e-02
2.759024154972699802e-02
2.626560501597689432e-02
2.483730979793036253e-02
2.331099274282544265e-02
2.169267754658137093e-02
1.998875098094460290e-02
1.820593768773567586e-02
1.635127363967280381e-02
1.443207837251072115e-02
1.245592609808201037e-02
1.043061581224501849e-02
8.364140515709014498e-03
6.264655669208273915e-03
4.140447007518612693e-03
1.999897839340054970e-03
