-5.823978504724434957e-02
-6.110855559659543468e-02
-6.373615780169764045e-02
-6.611222168298004631e-02
-6.822736997098358125e-02
-7.007325511428151577e-02
-7.164259222355942591e-02
-7.292918782183986648e-02
-7.392796428738686310e-02
-7.463497989282487366e-02
-7.504744436138731378e-02
-7.516372987890033996e-02
-7.498337751804284856e-02
-7.450709904952876328e-02
-7.373677413306421735e-02
-7.267544289916488820e-02
-7.132729395111027382e-02
-6.969764783438586742e-02
-6.779293603885171160e-02
-6.562067561650677949e-02
-6.318943951502130341e-02
-6.050882274411772260e-02
-5.758940450832632924e-02
-5.444270645556074234e-02
-5.108114720628788991e-02
-4.751799334274535436e-02
-4.376730705162996948e-02
-3.984389062688889482e-02
-3.576322805163571067e-02
-3.154142388974209149e-02
-2.719513972827267839e-02
-2.274152842159662610e-02
-1.819816639668512398e-02
-1.358298428675596727e-02
-8.914196167023198322e-03
-4.210227671827092635e-03
5.103567231658999968e-04
5.228926966708238692e-03
9.926860956514125742e-03
1.458561803243130055e-02
1.918681214819689326e-02
2.371228443300085059e-02
2.814417485648875589e-02
3.246499271437394002e-02
3.665768565648361982e-02
4.070570698481578570e-02
4.459308095601167282e-02
4.830446583052346032e-02
5.182521441965031589e-02
5.514143189149079555e-02
5.824003060767661555e-02
6.110878177447217480e-02
6.373636370439512977e-02
6.611240649789169865e-02
6.822753296872698103e-02
7.007339565157694183e-02
7.164270974576852913e-02
7.292928186515468258e-02
7.392803448066012639e-02
7.463502595903497017e-02
7.504746611873135131e-02
7.516372724151171303e-02
7.498335049633006455e-02
7.450704775013465564e-02
7.373669875844474086e-02
7.267534374679017473e-02
7.132717141229073798e-02
6.969750239272783088e-02
6.779276826834890191e-02
6.562048617927487837e-02
6.318922915868495360e-02
6.050859229886002000e-02
5.758915488361240204e-02
5.444243863654851107e-02
5.108086224994014268e-02
4.751769237365829207e-02
4.376699125759498515e-02
3.984356125420484424e-02
3.576288640019040233e-02
3.154107130788213337e-02
2.719477760748218939e-02
2.274115819100561153e-02
1.819778951742941075e-02
1.358260224621067949e-02
8.913810472932784390e-03
4.209839846354927924e-03
-5.107451494448219179e-04
-5.229314460847808363e-03
-9.927245989246973740e-03
-1.458599908420414072e-02
-1.918718771516750993e-02
-2.371265303297313484e-02
-2.814453503476220877e-02
-3.246534304948481275e-02
-3.665802476581470765e-02
-4.070603353005310815e-02
-4.459339364842613423e-02
-4.830476343605685785e-02
-5.182549576378572831e-02
-5.514169586388777827e-02
-5.824027616655330641e-02
-6.110900795071667196e-02
-6.373656960539021699e-02
-6.611259131103755515e-02
-6.822769596464818564e-02
-7.007353618700089271e-02
-7.164282726606431562e-02
-7.292937590652188995e-02
-7.392810467195916335e-02
-7.463507202325188328e-02
-7.504748787407117261e-02
-7.516372460211577511e-02
-7.498332347261496555e-02
-7.450699644875090344e-02
-7.373662338185607568e-02
-7.267524459247459712e-02
-7.132704887156632312e-02
-6.969735694920842217e-02
-6.779260049603548499e-02
-6.562029674029033754e-02
-6.318901880066085663e-02
-6.050836185198614492e-02
-5.758890525736026084e-02
-5.444217081608210967e-02
-5.108057729222797994e-02
-4.751739140330196731e-02
-4.376667546239094986e-02
-3.984323188045658937e-02
-3.576254474778986503e-02
-3.154071872517971720e-02
-2.719441548596530228e-02
-2.274078795980715925e-02
-1.819741263768756903e-02
-1.358222020530250838e-02
-8.913424778604180782e-03
-4.209452020770201343e-03
5.111335757102369566e-04
5.229701954847856826e-03
9.927631021714835788e-03
1.458638013558757190e-02
1.918756328162585581e-02
2.371302163231226931e-02
2.814489521228416904e-02
3.246569338372876784e-02
3.665836387416692571e-02
4.070636007420345981e-02
4.459370633964979125e-02
4.830506104030037745e-02
5.182577710653723385e-02
5.514195983481229996e-02
5.824052172387476217e-02
6.110923412532932170e-02
6.373677550468327679e-02
6.611277612241787949e-02
6.822785895874726447e-02
7.007367672055343777e-02
7.164294478444678538e-02
7.292946994594137755e-02
7.392817486128383520e-02
7.463511808547562687e-02
7.504750962740674991e-02
7.516372196071245682e-02
7.498329644689721851e-02
7.450694514537721524e-02
7.373654800329813852e-02
7.267514543621811374e-02
7.132692632893702922e-02
6.969721150382771069e-02
6.779243272191164127e-02
6.562010729955336519e-02
6.318880844094930394e-02
6.050813140349637492e-02
5.758865562957019707e-02
5.444190299416183654e-02
5.108029233315172779e-02
4.751709043167676172e-02
4.376635966601814115e-02
3.984290250564430369e-02
3.576220309443430695e-02
3.154036614163500257e-02
2.719405336372219401e-02
2.274041772800139069e-02
1.819703575745975146e-02
1.358183816403161874e-02
8.913039084037528009e-03
4.209064195073037792e-03
-5.115220019620272604e-04
-5.230089448708271326e-03
-9.928016053917611272e-03
-1.458676118658151256e-02
-1.918793884757180601e-02
-2.371339023101815338e-02
-2.814525538905450486e-02
-3.246604371710572895e-02
-3.665870298154017687e-02
-4.070668661726670884e-02
-4.459401902968251202e-02
-4.830535864325381096e-02
-5.182605844790462435e-02
-5.514222380426415937e-02
-5.824076727964087874e-02
-6.110946029831005460e-02
-6.373698140227428144e-02
-6.611296093203276880e-02
-6.822802195102446732e-02
-7.007381725223472968e-02
-7.164306230091602168e-02
-7.292956398341322866e-02
-7.392824504863419743e-02
-7.463516414570614543e-02
-7.504753137873818036e-02
-7.516371931730195244e-02
-7.498326941917710098e-02
-7.450689384001391025e-02
-7.373647262277113756e-02
-7.267504627802086337e-02
-7.132680378440293956e-02
-6.969706605658564091e-02
-6.779226494597732910e-02
-6.561991785706394742e-02
-6.318859807955019836e-02
-6.050790095339071695e-02
-5.758840600024219686e-02
-5.444163517078765696e-02
-5.108000737271135849e-02
-4.751678945878252958e-02
-4.376604386847651046e-02
-3.984257312976798721e-02
-3.576186144012365176e-02
-3.154001355724796174e-02
-2.719369124075281946e-02
-2.274004749558833360e-02
-1.819665887674599622e-02
-1.358145612239804179e-02
-8.912653389232881584e-03
-4.208676369263513600e-03
5.119104282001066351e-04
5.230476942428958186e-03
9.928401085855192640e-03
1.458714223718583607e-02
1.918831441300528073e-02
2.371375882909072114e-02
2.814561556507318846e-02
3.246639404961565445e-02
3.665904208793439173e-02
4.070701315924284136e-02
4.459433171852431738e-02
4.830565624491724164e-02
5.182633978788800388e-02
5.514248777224342590e-02
5.824101283385156591e-02
6.110968646965872497e-02
6.373718729816298112e-02
6.611314573988175125e-02
6.822818494147933621e-02
7.007395778204447701e-02
7.164317981547191350e-02
7.292965801893741551e-02
7.392831523401016680e-02
7.463521020394341121e-02
7.504755312806531131e-02
7.516371667188398442e-02
7.498324238945437703e-02
7.450684253266075252e-02
7.373639724027485076e-02
7.267494711788277661e-02
7.132668123796406801e-02
6.969692060748232387e-02
6.779209716823271503e-02
6.561972841282226465e-02
6.318838771646380359e-02
6.050767050166926814e-02
5.758815636937637122e-02
5.444136734595969584e-02
5.107972241090694143e-02
4.751648848461943742e-02
4.376572806976616881e-02
3.984224375282771624e-02
3.576151978485809374e-02
3.153966097201875429e-02
2.719332911705735212e-02
2.273967726256807820e-02
1.819628199554636575e-02
1.358107408040182783e-02
8.912267694190270997e-03
4.208288543341638308e-03
-5.122988544244795259e-04
-5.230864436009934754e-03
-9.928786117527604177e-03
-1.458752328740057710e-02
-1.918868997792629386e-02
-2.371412742652996564e-02
-2.814597574034017821e-02
-3.246674438125849577e-02
-3.665938119334961193e-02
-4.070733970013185737e-02
-4.459464440617522119e-02
-4.830595384529060704e-02
-5.182662112648727532e-02
-5.514275173875005098e-02
