3.030389115373257822e-02
2.967932629018646407e-02
2.893763029974745840e-02
2.808173032726792723e-02
2.711500423002480981e-02
2.604126724681631380e-02
2.486475694090786032e-02
2.359011647625084557e-02
2.222237629297551045e-02
2.076693425447663499e-02
1.922953434444272039e-02
1.761624399790199733e-02
1.593343015574955057e-02
1.418773413725776637e-02
1.238604542973708103e-02
1.053547449878764961e-02
8.643324726447788181e-03
6.717063587986904505e-03
4.764293181095206713e-03
2.792720223778558455e-03
8.101256393633232168e-04
-1.175666151354227452e-03
-3.156818109623711621e-03
-5.125511508053905499e-03
-7.073976787659199197e-03
-8.994524220860188046e-03
-1.087957425942512671e-02
-1.272168744758242140e-02
-1.451359378225035475e-02
-1.624822140451223293e-02
-1.791872450910455064e-02
-1.951851036177163629e-02
-2.104126531786134832e-02
-2.248097973947814007e-02
-2.383197171285619809e-02
-2.508890947235105015e-02
-2.624683244255191991e-02
-2.730117081547097160e-02
-2.824776358554697761e-02
-2.908287497128733343e-02
-2.980320915873939033e-02
-3.040592330860514975e-02
-3.088863877566611765e-02
-3.124945049624015467e-02
-3.148693450662223142e-02
-3.160015356283713689e-02
-3.158866083952530796e-02
-3.145250169336428342e-02
-3.119221348406606142e-02
-3.080882345365674319e-02
-3.030384467240828522e-02
-2.967927006742173551e-02
-2.893756455742859529e-02
-2.808165532485067117e-02
-2.711492026351042944e-02
-2.604117464758335179e-02
-2.486465607440439124e-02
-2.359000774055218172e-02
-2.222226011721318423e-02
-2.076681109714481263e-02
-1.922940469158872234e-02
-1.761610836120807919e-02
-1.593328907051356005e-02
-1.418758816028050512e-02
-1.238589513712488530e-02
-1.053532048367873501e-02
-8.643167596671427755e-03
-6.716903963664575851e-03
-4.764131692193265821e-03
-2.792557507622017536e-03
-8.099623381206237389e-04
1.175829393205565527e-03
3.156980647840560480e-03
5.125672701170070310e-03
7.074135999517000041e-03
8.994680823121091809e-03
1.087972763404952865e-02
1.272183698926874877e-02
1.451373890082394841e-02
1.624836152725450678e-02
1.791885908301324090e-02
1.951863885574324844e-02
2.104138722478720788e-02
2.248109457824572568e-02
2.383207903024787966e-02
2.508900884483272059e-02
2.624692347794449834e-02
2.730125315449814793e-02
2.824783690325317204e-02
2.908293897832011157e-02
2.980326360249138662e-02
3.040596797421106154e-02
3.088867348685063116e-02
3.124947511601363498e-02
3.148694893782136989e-02
3.160015774850837011e-02
3.158865476314964837e-02
3.145248537892251367e-02
3.119218699594403579e-02
3.080878689639131654e-02
3.030379819027476454e-02
2.967921384386445691e-02
2.893749881433697532e-02
2.808158032168351498e-02
2.711483629627192693e-02
2.604108204765495302e-02
2.486455520723690471e-02
2.358989900422355304e-02
2.222214394085741604e-02
2.076668793925841305e-02
1.922927503822120451e-02
1.761597272404375261e-02
1.593314798485209044e-02
1.418744218292438200e-02
1.238574484418192637e-02
1.053516646828848470e-02
8.643010466664269309e-03
6.716744339162897606e-03
4.763970203164115923e-03
2.792394791390914732e-03
8.097990368563076548e-04
-1.175992635025489494e-03
-3.157143185973088333e-03
-5.125833894149336815e-03
-7.074295211185870416e-03
-8.994837425141776269e-03
-1.087988100838335921e-02
-1.272198653061532188e-02
-1.451388401900993892e-02
-1.624850164956286036e-02
-1.791899365644339381e-02
-1.951876734919359702e-02
-2.104150913115116622e-02
-2.248120941641297554e-02
-2.383218634700313629e-02
-2.508910821664439572e-02
-2.624701451263616175e-02
-2.730133549279628591e-02
-2.824791022020505318e-02
-2.908300298457627830e-02
-2.980331804544755769e-02
-3.040601263900504989e-02
-3.088870819721031488e-02
-3.124949973495263697e-02
-3.148696336817966707e-02
-3.160016193333573670e-02
-3.158864868593045522e-02
-3.145246906364082551e-02
-3.119216050698902024e-02
-3.080875033830312790e-02
-3.030375170733193291e-02
-2.967915761951455539e-02
-2.893743307047255339e-02
-2.808150531776643088e-02
-2.711475232830934737e-02
-2.604098944703113830e-02
-2.486445433940541114e-02
-2.358979026726493178e-02
-2.222202776390818854e-02
-2.076656478081742932e-02
-1.922914538434017384e-02
-1.761583708640898985e-02
-1.593300689876512438e-02
-1.418729620518937272e-02
-1.238559455090820077e-02
-1.053501245261688306e-02
-8.642853336426286823e-03
-6.716584714481835076e-03
-4.763808714007737935e-03
-2.792232075085237901e-03
-8.096357355703634722e-04
1.176155876814012364e-03
3.157305724021311228e-03
5.125995086991731904e-03
7.074454422665834609e-03
8.994994026922272651e-03
1.088003438242667216e-02
1.272213607162218062e-02
1.451402913680836446e-02
1.624864177143731450e-02
1.791912822939502672e-02
1.951889584212271322e-02
2.104163103695319906e-02
2.248132425397985495e-02
2.383229366312195063e-02
2.508920758778606513e-02
2.624710554662688933e-02
2.730141783036532654e-02
2.824798353640257595e-02
2.908306699005578505e-02
2.980337248760784111e-02
3.040605730298705234e-02
3.088874290674512718e-02
3.124952435305713982e-02
3.148697779769712990e-02
3.160016611731925745e-02
3.158864260786768685e-02
3.145245274751920506e-02
3.119213401720100781e-02
3.080871377939218420e-02
3.030370522357985971e-02
2.967910139437206218e-02
2.893736732583534338e-02
2.808143031309939114e-02
2.711466835962260402e-02
2.604089684571182783e-02
2.486435347090985848e-02
2.358968152967632140e-02
2.222191158636551214e-02
2.076644162182186837e-02
1.922901572994561298e-02
1.761570144830377702e-02
1.593286581225265841e-02
1.418715022707548595e-02
1.238544425730371719e-02
1.053485843666394570e-02
8.642696205957497643e-03
6.716425089621403874e-03
4.763647224724134460e-03
2.792069358704987909e-03
8.094724342627934678e-04
-1.176319118571127198e-03
-3.157468261985213985e-03
-5.126156279697227820e-03
-7.074613633956866598e-03
-8.995150628462542791e-03
-1.088018775617940852e-02
-1.272228561228926601e-02
-1.451417425421916603e-02
-1.624878189287782757e-02
-1.791926280186811882e-02
-1.951902433453057972e-02
-2.104175294219333414e-02
-2.248143909094637433e-02
-2.383240097860432963e-02
-2.508930695825771148e-02
-2.624719657991667066e-02
-2.730150016720524556e-02
-2.824805685184568135e-02
-2.908313099475856936e-02
-2.980342692897215359e-02
-3.040610196615700297e-02
-3.088877761545500908e-02
-3.124954897032707415e-02
-3.148699222637366818e-02
-3.160017030045882136e-02
-3.158863652896128776e-02
-3.145243643055760374e-02
-3.119210752658001587e-02
-3.080867721965849584e-02
-3.030365873901851026e-02
-2.967904516843700852e-02
-2.893730158042537304e-02
-2.808135530768245472e-02
-2.711458439021180791e-02
-2.604080424369716040e-02
-2.486425260175034735e-02
-2.358957279145776006e-02
-2.222179540822939378e-02
-2.076631846227172673e-02
-1.922888607503753927e-02
-1.761556580972812452e-02
-1.593272472531467518e-02
-1.418700424858270956e-02
-1.238529396336845653e-02
-1.053470442042965180e-02
-8.642539075257875750e-03
-6.716265464581584917e-03
-4.763485735313300294e-03
-2.791906642250155651e-03
-8.093091329335853901e-04
1.176482360296849175e-03
3.157630799864816120e-03
5.126317472265845381e-03
7.074772845058983732e-03
8.995307229762604037e-03
1.088034112964160298e-02
1.272243515261661621e-02
1.451431937124237140e-02
1.624892201388440302e-02
1.791939737386267009e-02
1.951915282641715488e-02
2.104187484687150556e-02
2.248155392731247815e-02
2.383250829345020735e-02
2.508940632805932436e-02
2.624728761250549880e-02
2.730158250331608805e-02
2.824813016653444919e-02
2.908319499868472144e-02
2.980348136954059576e-02
3.040614662851497119e-02
3.088881232333999527e-02
3.124957358676247812e-02
3.148700665420934436e-02
3.160017448275451168e-02
3.158863044921133428e-02
3.145242011275605626e-02
3.119208103512600971e-02
3.080864065910205243e-02
