3.498666022983792229e-02
3.106204745581717455e-02
2.701484656822111113e-02
2.286103007249311661e-02
1.861699123855764179e-02
1.429947940386039687e-02
9.925533871168130962e-03
5.512416662003955144e-03
1.077544391110594590e-03
-3.361580469197157986e-03
-7.787438663521713961e-03
-1.218256329410735521e-02
-1.652960875493250312e-02
-2.081141918711737829e-02
-2.501109618548394073e-02
-2.911206548906024663e-02
-3.309814239233160177e-02
-3.695359561908916762e-02
-4.066320940679456208e-02
-4.421234355644042269e-02
-4.758699121091763962e-02
-5.077383413386292454e-02
-5.376029527082612502e-02
-5.653458838532147285e-02
-5.908576457387137992e-02
-6.140375547646838988e-02
-6.347941301192316921e-02
-6.530454548128016012e-02
-6.687194989681743973e-02
-6.817544040904187364e-02
-6.920987271949130548e-02
-6.997116438299720576e-02
-7.045631091928379608e-02
-7.066339767031774854e-02
-7.059160735661379471e-02
-7.024122330267408565e-02
-6.961362831883202706e-02
-6.871129924391375376e-02
-6.753779717025480689e-02
-6.609775338964911373e-02
-6.439685111569623532e-02
-6.244180305467980641e-02
-6.024032491349548546e-02
-5.780110494918072606e-02
-5.513376968022071223e-02
-5.224884589495285697e-02
-4.915771910700592745e-02
-4.587258862173138746e-02
-4.240641939096032043e-02
-3.877289084609329001e-02
-3.498634291145666375e-02
-3.106171941098630554e-02
-2.701450909158798624e-02
-2.286068449592819352e-02
-1.861663892589822400e-02
-1.429912174552817189e-02
-9.925172278681788918e-03
-5.512052562408532863e-03
-1.077179221345581344e-03
3.361945267968788516e-03
7.787801651601137208e-03
1.218292303894174047e-02
1.652996383676868034e-02
2.081176820460496624e-02
2.501143776120582154e-02
2.911239827496866009e-02
3.309846507506826463e-02
3.695390692516859615e-02
4.066350810762980883e-02
4.421262847319188533e-02
4.758726121914537421e-02
5.077408816796429025e-02
5.376053232824129502e-02
5.653480753049006102e-02
5.908596494192466103e-02
6.140393627664261084e-02
6.347957353068030273e-02
6.530468508512389525e-02
6.687206803479338324e-02
6.817553661491185246e-02
6.920994661357347810e-02
6.997121567366450245e-02
7.045633940411462348e-02
7.066340323689519753e-02
7.059158998296902188e-02
7.024118305737316048e-02
6.961356536070532897e-02
6.871121382142905687e-02
6.753768962053667557e-02
6.609762413714853624e-02
6.439670067051547764e-02
6.244163201055921708e-02
6.024013394547029360e-02
5.780089481091696402e-02
5.513354120104081019e-02
5.224859997656276789e-02
4.915745671993633492e-02
4.587231080150760976e-02
4.240612723401546852e-02
3.877258550544113169e-02
3.498602559214120111e-02
3.106139136532606523e-02
2.701417161423354252e-02
2.286033891875287327e-02
1.861628661274174548e-02
1.429876408681418805e-02
9.924810685930480006e-03
5.511688462665985215e-03
1.076814051551860376e-03
-3.362310066650598100e-03
-7.788164639472563641e-03
-1.218328278345077662e-02
-1.653031891816342941e-02
-2.081211722153677654e-02
-2.501177933625978178e-02
-2.911273106009965722e-02
-3.309878775692112057e-02
-3.695421823026123764e-02
-4.066380680737923664e-02
-4.421291338876276455e-02
-4.758753122610240305e-02
-5.077434220070985160e-02
-5.376076938422093277e-02
-5.653502667414903732e-02
-5.908616530840022502e-02
-6.140411707517724055e-02
-6.347973404774244488e-02
-6.530482468722396960e-02
-6.687218617098385220e-02
-6.817563281896162064e-02
-6.921002050580782328e-02
-6.997126696246358524e-02
-7.045636788706428899e-02
-7.066340880158586413e-02
-7.059157260743942341e-02
-7.024114281019676331e-02
-6.961350240071983997e-02
-6.871112839710957765e-02
-6.753758206901511185e-02
-6.609749488288300945e-02
-6.439655022361515102e-02
-6.244146096477124624e-02
-6.023994297583648572e-02
-5.780068467110968666e-02
-5.513331272038863445e-02
-5.224835405677738520e-02
-4.915719433155397305e-02
-4.587203298005877727e-02
-4.240583507593811280e-02
-3.877228016375351694e-02
-3.498570827189140947e-02
-3.106106331883625934e-02
-2.701383413615760995e-02
-2.285999334096698934e-02
-1.861593429908803277e-02
-1.429840642771825973e-02
-9.924449092914030754e-03
-5.511324362776143064e-03
-1.076448881729277079e-03
3.362674865242724648e-03
7.788527627136117293e-03
1.218364252763456945e-02
1.653067399911685095e-02
2.081246623791291328e-02
2.501212091064592552e-02
2.911306384445330742e-02
3.309911043789014878e-02
3.695452953436711291e-02
4.066410550604278307e-02
4.421319830315297711e-02
4.758780123178864979e-02
5.077459623209954614e-02
5.376100643876493418e-02
5.653524581629826989e-02
5.908636567329791922e-02
6.140429787207208473e-02
6.347989456310929035e-02
6.530496428757996685e-02
6.687230430538830539e-02
6.817572902119049816e-02
6.921009439619367487e-02
6.997131824939378797e-02
7.045639636813219586e-02
7.066341436438929036e-02
7.059155523002441646e-02
7.024110256114428352e-02
6.961343943887500496e-02
6.871104297095492752e-02
6.753747451568971327e-02
6.609736562685211703e-02
6.439639977499492240e-02
6.244128991731558859e-02
6.023975200459381202e-02
5.780047452975870664e-02
5.513308423826401156e-02
5.224810813559660483e-02
4.915693194185882797e-02
4.587175515738486919e-02
4.240554291672821163e-02
3.877197482103032083e-02
3.498539095070714311e-02
3.106073527151680808e-02
2.701349665736013303e-02
2.285964776257050010e-02
1.861558198493706850e-02
1.429804876824038694e-02
9.924087499632448101e-03
5.510960262739041972e-03
1.076083711877880243e-03
-3.363039663745101809e-03
-7.788890614591710559e-03
-1.218400227149301490e-02
-1.653102907962882354e-02
-2.081281525373324115e-02
-2.501246248436407582e-02
-2.911339662802946149e-02
-3.309943311797524518e-02
-3.695484083748607623e-02
-4.066440420362042729e-02
-4.421348321636252299e-02
-4.758807123620409363e-02
-5.077485026213333918e-02
-5.376124349187327844e-02
-5.653546495693777263e-02
-5.908656603661771589e-02
-6.140447866732708787e-02
-6.348005507678092241e-02
-6.530510388619195639e-02
-6.687242243800692321e-02
-6.817582522159872094e-02
-6.921016828473117166e-02
-6.997136953445533269e-02
-7.045642484731839961e-02
-7.066341992530547622e-02
-7.059153785072408427e-02
-7.024106231021580438e-02
-6.961337647517101823e-02
-6.871095754296513425e-02
-6.753736696056047983e-02
-6.609723636905577571e-02
-6.439624932465469465e-02
-6.244111886819220247e-02
-6.023956103174218923e-02
-5.780026438686398926e-02
-5.513285575466685129e-02
-5.224786221302037820e-02
-4.915666955085075396e-02
-4.587147733348580225e-02
-4.240525075638576502e-02
-3.877166947727168911e-02
-3.498507362858860326e-02
-3.106040722336790572e-02
-2.701315917784129911e-02
-2.285930218356358595e-02
-1.861522967028901923e-02
-1.429769110838073620e-02
-9.923725906085908988e-03
-5.510596162554833727e-03
-1.075718541997818835e-03
3.363404462157591670e-03
7.789253601839219408e-03
1.218436201502600541e-02
1.653138415969923614e-02
2.081316426899766647e-02
2.501280405741418411e-02
2.911372941082801535e-02
3.309975579717625710e-02
3.695515213961795414e-02
4.066470290011187094e-02
4.421376812839103443e-02
4.758834123934838067e-02
5.077510429081084908e-02
5.376148054354554229e-02
5.653568409606708756e-02
5.908676639835923339e-02
6.140465946094193772e-02
6.348021558875693859e-02
6.530524348305961901e-02
6.687254056883940034e-02
6.817592142018603918e-02
6.921024217142021651e-02
6.997142081764813615e-02
7.045645332462292798e-02
7.066342548433450499e-02
7.059152046953852400e-02
7.024102205741154792e-02
6.961331350960794917e-02
6.871087211314044763e-02
6.753725940362774460e-02
6.609710710949447121e-02
6.439609887259487020e-02
6.244094781740136546e-02
6.023937005728192268e-02
5.780005424242568718e-02
5.513262726959734100e-02
5.224761628904883021e-02
4.915640715852994530e-02
4.587119950836176380e-02
4.240495859491089092e-02
3.877136413247767727e-02
