-3.188208748974694778e-02
-3.021381654970552513e-02
-2.842630508696488909e-02
-2.652660761583299637e-02
-2.452222139899614892e-02
-2.242105685915095695e-02
-2.023140636007729476e-02
-1.796191148035919394e-02
-1.562152890891000886e-02
-1.321949509689693963e-02
-1.076528980556808700e-02
-8.268598693842714453e-03
-5.739275093314682649e-03
-3.187301121526352372e-03
-6.227482869814627989e-04
1.944262258628414678e-03
4.503599664117056110e-03
7.045163360776367234e-03
9.558922924837655322e-03
1.203495766310197848e-02
1.446349576551262534e-02
1.683495287015193340e-02
1.913996988846348307e-02
2.136944994142037091e-02
2.351459426086878121e-02
2.556693691436038099e-02
2.751837821642984586e-02
2.936121669445809074e-02
3.108817948296619532e-02
3.269245102638723005e-02
3.416769997703878597e-02
3.550810418214189745e-02
3.670837366127384371e-02
3.776377148357265567e-02
3.867013246230070062e-02
3.942387959298783440e-02
4.002203817028038985e-02
4.046224752778267847e-02
4.074277035455951823e-02
4.086249955153128943e-02
4.082096260070258720e-02
4.061832342998104861e-02
4.025538176622658892e-02
3.973356997908458754e-02
3.905494742805853958e-02
3.822219233513232672e-02
3.723859121501675584e-02
3.610802590473486534e-02
3.483495824373426808e-02
3.342441246498729229e-02
3.188195536657360829e-02
3.021367434199922000e-02
2.842615335595631912e-02
2.652644696033711752e-02
2.452205245304887177e-02
2.242088028950696421e-02
2.023122286357858374e-02
1.796172178118499857e-02
1.562133375571877689e-02
1.321929525987167869e-02
1.076508607337684116e-02
8.268391870526000179e-03
5.739065995112331738e-03
3.187090573656155626e-03
6.225371203824078652e-04
-1.944473210575492972e-03
-4.503809568878460075e-03
-7.045371389951175442e-03
-9.559128257427053701e-03
-1.203515948874938485e-02
-1.446369328770179263e-02
-1.683514530935044731e-02
-1.914015648519924728e-02
-2.136962995927887965e-02
-2.351476698939947152e-02
-2.556710167188043156e-02
-2.751853435271444520e-02
-2.936136359330661708e-02
-3.108831656463410462e-02
-3.269257774987403137e-02
-3.416781584222310791e-02
-3.550820873175532244e-02
-3.670846648270544715e-02
-3.776385221049743252e-02
-3.867020077612528389e-02
-3.942393522410790607e-02
-4.002208089914461447e-02
-4.046227718575918370e-02
-4.074278682460143186e-02
-4.086250276863868242e-02
-4.082095255217896290e-02
-4.061830015548343470e-02
-4.025534535760912774e-02
-3.973352058003594423e-02
-3.905488523353481400e-02
-3.822211759058768976e-02
-3.723850421543476591e-02
-3.610792699346426771e-02
-3.483484781113393991e-02
-3.342429094688569025e-02
-3.188182324254873468e-02
-3.021353213348596314e-02
-2.842600162418855089e-02
-2.652628630413277760e-02
-2.452188350644668446e-02
-2.242070371926415881e-02
-2.023103936653955146e-02
-1.796153208153110706e-02
-1.562113860211034044e-02
-1.321909542249337030e-02
-1.076488234089809440e-02
-8.268185046988469483e-03
-5.738856896756718874e-03
-3.186880025700857683e-03
-6.223259537667458815e-04
1.944684162470617815e-03
4.504019473519554895e-03
7.045579418937791306e-03
9.559333589761119868e-03
1.203536131407531920e-02
1.446389080950462140e-02
1.683533774809928968e-02
1.914034308142379889e-02
2.136980997656667824e-02
2.351493971730216417e-02
2.556726642871764987e-02
2.751869048826408731e-02
2.936151049137098248e-02
3.108845364547173015e-02
3.269270447248769779e-02
3.416793170649493755e-02
3.550831328042040186e-02
3.670855930315661264e-02
3.776393293641355786e-02
3.867026908891704751e-02
3.942399085417504917e-02
4.002212362693992331e-02
4.046230684265503946e-02
4.074280329355521590e-02
4.086250598465474698e-02
4.082094250256512041e-02
4.061827687990107044e-02
4.025530894791664455e-02
3.973347117992617750e-02
3.905482303796812410e-02
3.822204284502234151e-02
3.723841721485831452e-02
3.610782808122939280e-02
3.483473737760330036e-02
3.342416942789141338e-02
3.188169111767236857e-02
3.021338992416575803e-02
2.842584989166155665e-02
2.652612564721994193e-02
2.452171455918952803e-02
2.242052714842251993e-02
2.023085586896014934e-02
1.796134238139745348e-02
1.562094344808465964e-02
1.321889558476197803e-02
1.076467860813180161e-02
8.267978223230091142e-03
5.738647798247809365e-03
3.186669477660420378e-03
6.221147871344411776e-04
-1.944895114313826287e-03
-4.504229378040379601e-03
-7.045787447736259930e-03
-9.559538921839905862e-03
-1.203556313907984919e-02
-1.446408833092119144e-02
-1.683553018639854723e-02
-1.914052967713717260e-02
-2.136998999328372159e-02
-2.351511244457681407e-02
-2.556743118487201163e-02
-2.751884662307875831e-02
-2.936165738865114186e-02
-3.108859072547902336e-02
-3.269283119422818074e-02
-3.416804756985413610e-02
-3.550841782813710795e-02
-3.670865212262736793e-02
-3.776401366132114967e-02
-3.867033740067606085e-02
-3.942404648318927063e-02
-4.002216635366635106e-02
-4.046233649847025271e-02
-4.074281976142088424e-02
-4.086250919957950395e-02
-4.082093245186110136e-02
-4.061825360323392115e-02
-4.025527253714903525e-02
-3.973342177875528736e-02
-3.905476084135838660e-02
-3.822196809843619869e-02
-3.723833021328738085e-02
-3.610772916803021981e-02
-3.483462694314240493e-02
-3.342404790800457964e-02
-3.188155899194466958e-02
-3.021324771403875731e-02
-2.842569815837551681e-02
-2.652596498959878049e-02
-2.452154561127757940e-02
-2.242035057698219674e-02
-2.023067237084055434e-02
-1.796115268078418703e-02
-1.562074829364185242e-02
-1.321869574667759555e-02
-1.076447487507806340e-02
-8.267771399250917197e-03
-5.738438699585653516e-03
-3.186458929534882311e-03
-6.219036204855132692e-04
1.945106066105111234e-03
4.504439282440935929e-03
7.045995476346595190e-03
9.559744253663437705e-03
1.203576496376300431e-02
1.446428585195153396e-02
1.683572262424824773e-02
1.914071627233945860e-02
2.137017000943014153e-02
2.351528517122354264e-02
2.556759594034366603e-02
2.751900275715861779e-02
2.936180428514728602e-02
3.108872780465619934e-02
3.269295791509570920e-02
3.416816343230100195e-02
3.550852237490568358e-02
3.670874494111794895e-02
3.776409438522033979e-02
3.867040571140247657e-02
3.942410211115079249e-02
4.002220907932411975e-02
4.046236615320503854e-02
4.074283622819862422e-02
4.086251241341311985e-02
4.082092240006703066e-02
4.061823032548216028e-02
4.025523612530650802e-02
3.973337237652336401e-02
3.905469864370576111e-02
3.822189335082940009e-02
3.723824321072202737e-02
3.610763025386679731e-02
3.483451650775123282e-02
3.342392638722513354e-02
3.188142686536552667e-02
3.021310550310487425e-02
2.842554642433033421e-02
2.652580433126921350e-02
2.452137666271073796e-02
2.242017400494308865e-02
2.023048887218064501e-02
1.796096297969124872e-02
1.562055313878188238e-02
1.321849590824019857e-02
1.076427114173684856e-02
8.267564575050952852e-03
5.738229600770249593e-03
3.186248381324248685e-03
6.216924538199793951e-04
-1.945317017844448151e-03
-4.504649186721196991e-03
-7.046203504768755455e-03
-9.559949585231651212e-03
-1.203596678812471864e-02
-1.446448337259557439e-02
-1.683591506164830789e-02
-1.914090286703053895e-02
-2.137035002500582356e-02
-2.351545789724226315e-02
-2.556776069513248470e-02
-2.751915889050351310e-02
-2.936195118085926578e-02
-3.108886488300307768e-02
-3.269308463509013052e-02
-3.416827929383536855e-02
-3.550862692072592752e-02
-3.670883775862813364e-02
-3.776417510811095474e-02
-3.867047402109608650e-02
-3.942415773805937884e-02
-4.002225180391294490e-02
-4.046239580685914022e-02
-4.074285269388818603e-02
-4.086251562615538652e-02
-4.082091234718272788e-02
-4.061820704664556581e-02
-4.025519971238886163e-02
-3.973332297323026868e-02
-3.905463644501011578e-02
-3.822181860220182775e-02
-3.723815620716217772e-02
-3.610753133873913917e-02
-3.483440607142982565e-02
-3.342380486555314445e-02
