5.171469511595228052e-02
4.672537728014852093e-02
4.155165512054681543e-02
3.621394702201418542e-02
3.073331854912888725e-02
2.513139930974771924e-02
1.943029759254462710e-02
1.365251311540869456e-02
7.820848229044713787e-03
1.958317926216432761e-03
-3.911940988214064434e-03
-9.766761207985258028e-03
-1.558303635651056736e-02
-2.133781217749033607e-02
-2.700837712517260847e-02
-3.257235199674301390e-02
-3.800777825310472369e-02
-4.329320467948534479e-02
-4.840777204385988963e-02
-5.333129541908073618e-02
-5.804434384382536893e-02
-6.252831700797574499e-02
-6.676551865978617994e-02
-7.073922644513390423e-02
-7.443375790322820373e-02
-7.783453235832210604e-02
-8.092812846316728426e-02
-8.370233716711458771e-02
-8.614620989981724986e-02
-8.825010178037859254e-02
-9.000570968141559380e-02
-9.140610499781703924e-02
-9.244576099087258025e-02
-9.312057459985713381e-02
-9.342788263499038348e-02
-9.336647228786462693e-02
-9.293658591786135847e-02
-9.213992009566633612e-02
-9.097961890765786375e-02
-8.946026154759391391e-02
-8.758784424456665663e-02
-8.536975659854791065e-02
-8.281475241691807487e-02
-7.993291516707411171e-02
-7.673561818145949176e-02
-7.323547977206942838e-02
-6.944631343157429970e-02
-6.538307331759571350e-02
-6.106179523528418307e-02
-5.649953335111401048e-02
-5.171429288765827526e-02
-4.672495906496735435e-02
-4.155122256898822336e-02
-3.621350184116713805e-02
-3.073286249592459274e-02
-2.513093418402572235e-02
-1.942982522994971331e-02
-1.365203538014633268e-02
-7.820367006523927175e-03
-1.957835115608921525e-03
3.912423481469142275e-03
9.767241479701187917e-03
1.558351251126806683e-02
2.133828233611794259e-02
2.700883943216289204e-02
3.257280462757550232e-02
3.800821942144642918e-02
4.329363264424064550e-02
4.840818511604186303e-02
5.333169196847686866e-02
5.804472230543118033e-02
6.252867588817129230e-02
6.676585654223061994e-02
7.073954199635518192e-02
7.443404987788569682e-02
7.783479960412141574e-02
8.092836992540791696e-02
8.370255189285223663e-02
8.614639704162481426e-02
8.825026059969040548e-02
9.000583955144229875e-02
9.140620540601931965e-02
9.244583154098380551e-02
9.312061501344733039e-02
9.342789275256505044e-02
9.336645206949421849e-02
9.293653544333879690e-02
9.213983956419209698e-02
9.097950863705396574e-02
8.946012197304946401e-02
8.758767591692045995e-02
8.536956018211444563e-02
8.281452868686582647e-02
7.993266500636633798e-02
7.673534257736945585e-02
7.323517981228407081e-02
6.944599029990179695e-02
6.538272828929332647e-02
6.106142967202548427e-02
5.649914869561489111e-02
5.171389065798326357e-02
4.672454084853845668e-02
4.155079001632002583e-02
3.621305665935303092e-02
3.073240644189957974e-02
2.513046905763261993e-02
1.942935286683592291e-02
1.365155764451941173e-02
7.819885783794344042e-03
1.957352304949173862e-03
-3.912905974619687414e-03
-9.767721751156236212e-03
-1.558398866560937145e-02
-2.133875249417567163e-02
-2.700930173843186718e-02
-3.257325725753809631e-02
-3.800866058877308551e-02
-4.329406060783977384e-02
-4.840859818693111355e-02
-5.333208851644872378e-02
-5.804510076548684283e-02
-6.252903476669688376e-02
-6.676619442289187523e-02
-7.073985754568723472e-02
-7.443434185055539110e-02
-7.783506684784219365e-02
-8.092861138548743116e-02
-8.370276661635471516e-02
-8.614658418113185778e-02
-8.825041941664547862e-02
-9.000596941906544024e-02
-9.140630581178063596e-02
-9.244590208862628333e-02
-9.312065542455075229e-02
-9.342790286764476870e-02
-9.336643184863048506e-02
-9.293648496633435951e-02
-9.213975903025728442e-02
-9.097939836402049729e-02
-8.945998239611606395e-02
-8.758750758693523153e-02
-8.536936376340123478e-02
-8.281430495460209706e-02
-7.993241484352396620e-02
-7.673506697123010090e-02
-7.323487985054288885e-02
-6.944566716637466663e-02
-6.538238325924485006e-02
-6.106106410713607602e-02
-5.649876403860693702e-02
-5.171348842692720382e-02
-4.672412263086172385e-02
-4.155035746254215345e-02
-3.621261147657180157e-02
-3.073195038705381354e-02
-2.513000393056838075e-02
-1.942888050320324203e-02
-1.365107990852787966e-02
-7.819404560855870712e-03
-1.956869494237097832e-03
3.913388467665795262e-03
9.768202022350493119e-03
1.558446481953454539e-02
2.133922265166356483e-02
2.700976404397960329e-02
3.257370988663085831e-02
3.800910175508478983e-02
4.329448857028274367e-02
4.840901125652757181e-02
5.333248506299637093e-02
5.804547922399246745e-02
6.252939364355275531e-02
6.676653230177032050e-02
7.074017309313020141e-02
7.443463382123725880e-02
7.783533408948430099e-02
8.092885284340559093e-02
8.370298133762170412e-02
8.614677131833817225e-02
8.825057823124367318e-02
9.000609928428471296e-02
9.140640621510061348e-02
9.244597263379965291e-02
9.312069583316705257e-02
9.342791298022903868e-02
9.336641162527289928e-02
9.293643448684756059e-02
9.213967849386144049e-02
9.097928808855695881e-02
8.945984281679313088e-02
8.758733925461065217e-02
8.536916734240782012e-02
8.281408122012635931e-02
7.993216467854659391e-02
7.673479136304131587e-02
7.323457988684577147e-02
6.944534403099272835e-02
6.538203822745007610e-02
6.106069854061584035e-02
5.649837938008997473e-02
5.171308619448996419e-02
4.672370441193707952e-02
4.154992490765457847e-02
3.621216629282338756e-02
3.073149433138725253e-02
2.512953880283293542e-02
1.942840813905165331e-02
1.365060217217176769e-02
7.818923337708581778e-03
1.956386683472784074e-03
-3.913870960607355662e-03
-9.768682293283823329e-03
-1.558494097304346376e-02
-2.133969280858152504e-02
-2.701022634880592688e-02
-3.257416251485361486e-02
-3.800954292038129234e-02
-4.329491653156939540e-02
-4.840942432483113372e-02
-5.333288160811956724e-02
-5.804585768094771420e-02
-6.252975251873847673e-02
-6.676687017886547004e-02
-7.074048863868388770e-02
-7.443492578993123054e-02
-7.783560132904766837e-02
-8.092909429916242403e-02
-8.370319605665331453e-02
-8.614695845324391033e-02
-8.825073704348504466e-02
-9.000622914710033895e-02
-9.140650661597964077e-02
-9.244604317650434444e-02
-9.312073623929663369e-02
-9.342792309031851261e-02
-9.336639139942216892e-02
-9.293638400487913565e-02
-9.213959795500517580e-02
-9.097917781066398868e-02
-8.945970323508140032e-02
-8.758717091994716597e-02
-8.536897091913481228e-02
-8.281385748343929321e-02
-7.993191451143484560e-02
-7.673451575280340609e-02
-7.323427992119299623e-02
-6.944502089375634291e-02
-6.538169319390935152e-02
-6.106033297246492991e-02
-5.649799472006418466e-02
-5.171268396067167650e-02
-4.672328619176465553e-02
-4.154949235165738414e-02
-3.621172110810794847e-02
-3.073103827490001466e-02
-2.512907367442641579e-02
-1.942793577438122268e-02
-1.365012443545110532e-02
-7.818442114352461628e-03
-1.955903872656193122e-03
3.914353453444431932e-03
9.769162563956330925e-03
1.558541712613623065e-02
2.134016296492965287e-02
2.701068865291100449e-02
3.257461514220653942e-02
3.800998408466279427e-02
4.329534449169991639e-02
4.840983739184196583e-02
5.333327815181860415e-02
5.804623613635297857e-02
6.253011139225445048e-02
6.676720805417769855e-02
7.074080418234847401e-02
7.443521775663736184e-02
7.783586856653239294e-02
8.092933575275805536e-02
8.370341077344961578e-02
8.614714558584897486e-02
8.825089585336956532e-02
9.000635900751222107e-02
9.140660701441741254e-02
9.244611371674001099e-02
9.312077664293914869e-02
9.342793319791264928e-02
9.336637117107779438e-02
9.293633352042851570e-02
9.213951741368803239e-02
9.097906753034118443e-02
8.945956365098035878e-02
8.758700258294441210e-02
8.536877449358179493e-02
8.281363374454045467e-02
7.993166434218827721e-02
7.673424014051606623e-02
7.323397995358431334e-02
6.944469775466528827e-02
6.538134815862245430e-02
6.105996740268337941e-02
5.649761005852962231e-02
