-5.185966978861336618e-02
-5.277582786366358941e-02
-5.348370317211946501e-02
-5.398050204434820531e-02
-5.426426383571875817e-02
-5.433386866439596230e-02
-5.418904183101703326e-02
-5.383035490280798502e-02
-5.325922345786153478e-02
-5.247790149847868929e-02
-5.148947255562219549e-02
-5.029783751958846749e-02
-4.890769924492517629e-02
-4.732454399035182502e-02
-4.555461976693177956e-02
-4.360491167994601930e-02
-4.148311436178300088e-02
-3.919760160464016985e-02
-3.675739331288311457e-02
-3.417211990548674888e-02
-3.145198430904627696e-02
-2.860772169135483364e-02
-2.565055709446130427e-02
-2.259216113441185961e-02
-1.944460394250876328e-02
-1.622030752985976695e-02
-1.293199676321412674e-02
-9.592649145561824714e-03
-6.215443599689657490e-03
-2.813708456822840674e-03
5.991311443821934098e-04
4.009606240900969940e-03
7.404257201359460382e-03
1.076968684522469806e-02
1.409261331552962189e-02
1.735992249646704788e-02
2.055871976898367495e-02
2.367638090011785559e-02
2.670060186524350967e-02
2.961944740659383860e-02
3.242139813642593016e-02
3.509539599893105738e-02
3.763088791147238543e-02
4.001786741291805255e-02
4.224691415470144956e-02
4.430923107875567313e-02
4.619667913559682287e-02
4.790180940553957767e-02
4.941789249627683706e-02
5.073894510080406706e-02
5.185975361087624691e-02
5.277589469280543483e-02
5.348375274439531174e-02
5.398053416411828509e-02
5.426427837622058853e-02
5.433386556824461311e-02
5.418902111043163994e-02
5.383031663956351631e-02
5.325916780296602315e-02
5.247782867157731873e-02
5.148938284413037692e-02
5.029773127755768347e-02
4.890757689164556415e-02
4.732440600869748659e-02
4.555446670145506249e-02
4.360474413472840288e-02
4.148293299805105860e-02
3.919740713815607347e-02
3.675718651111976182e-02
3.417190158459889465e-02
3.145175533064957507e-02
2.860748295912537986e-02
2.565030955056922524e-02
2.259190575580302326e-02
1.944434173704917557e-02
1.622003953235798615e-02
1.293172403133734626e-02
9.592372755661692993e-03
6.215164642554424183e-03
2.813428033372503741e-03
-5.994119274407509312e-04
-4.009886275441647621e-03
-7.404535382210229895e-03
-1.076996207452921538e-02
-1.409288450707999255e-02
-1.736018857999059931e-02
-2.055897969436682945e-02
-2.367663364155052005e-02
-2.670084642526743962e-02
-2.961968282003916639e-02
-3.242162347422028468e-02
-3.509561037176617965e-02
-3.763109047331388013e-02
-4.001805736434420335e-02
-4.224709074605828563e-02
-4.430939361311550528e-02
-4.619682697150867545e-02
-4.790194195956073986e-02
-4.941800924527538913e-02
-5.073904558402356907e-02
-5.185983743175406890e-02
-5.277596152053773415e-02
-5.348380231524266920e-02
-5.398056628244660149e-02
-5.426429291527310600e-02
-5.433386247064214691e-02
-5.418900038839904315e-02
-5.383027837488142675e-02
-5.325911214664815624e-02
-5.247775584327444426e-02
-5.148929313126351937e-02
-5.029762503418367531e-02
-4.890745453705986484e-02
-4.732426802577933966e-02
-4.555431363476175610e-02
-4.360457658834623884e-02
-4.148275163321128722e-02
-3.919721267062518943e-02
-3.675697970837480538e-02
-3.417168326279849261e-02
-3.145152635141293396e-02
-2.860724422613193652e-02
-2.565006200599213859e-02
-2.259165037659084316e-02
-1.944407953107031226e-02
-1.621977153442305877e-02
-1.293145129911523611e-02
-9.592096365505422412e-03
-6.214885685253260239e-03
-2.813147609847087543e-03
5.996927104832379743e-04
4.010166309875171434e-03
7.404813562863179349e-03
1.077023730354603921e-02
1.409315569825392821e-02
1.736045466305045568e-02
2.055923961920088847e-02
2.367688638235082230e-02
2.670109098457821434e-02
2.961991823269338395e-02
3.242184881114872769e-02
3.509582474366399613e-02
3.763129303415031074e-02
4.001824731470158408e-02
4.224726733628687836e-02
4.430955614629204092e-02
4.619697480618686902e-02
4.790207451230271002e-02
4.941812599295433706e-02
5.073914606588821735e-02
5.185992125124704727e-02
5.277602834686075106e-02
5.348385188466189127e-02
5.398059839933348758e-02
5.426430745287655344e-02
5.433385937158871637e-02
5.418897966491934004e-02
5.383024010876181348e-02
5.325905648890803812e-02
5.247768301357019771e-02
5.148920341702167142e-02
5.029751878946651239e-02
4.890733218116813386e-02
4.732413004159740505e-02
4.555416056685199916e-02
4.360440904079972840e-02
4.148257026726379776e-02
3.919701820204762183e-02
3.675677290464832159e-02
3.417146494008557744e-02
3.145129737133644382e-02
2.860700549237458687e-02
2.564981446073010332e-02
2.259139499677539561e-02
1.944381732457220457e-02
1.621950353605495707e-02
1.293117856654774946e-02
9.591819975092943582e-03
6.214606727786059839e-03
2.812867186246464576e-03
-5.999734935098023159e-04
-4.010446344201703574e-03
-7.405091743318492625e-03
-1.077051253227534998e-02
-1.409342688905161622e-02
-1.736072074564681128e-02
-2.055949954348601505e-02
-2.367713912251892885e-02
-2.670133554317605587e-02
-2.962015364455673413e-02
-3.242207414721142572e-02
-3.509603911462461784e-02
-3.763149559398183686e-02
-4.001843726399027801e-02
-4.224744392538724858e-02
-4.430971867828528005e-02
-4.619712263963131338e-02
-4.790220706376538407e-02
-4.941824273931343103e-02
-5.073924654639769966e-02
-5.186000506935497384e-02
-5.277609517177422188e-02
-5.348390145265266571e-02
-5.398063051477870050e-02
-5.426432198903079207e-02
-5.433385627108424515e-02
-5.418895893999246122e-02
-5.383020184120462098e-02
-5.325900082974557859e-02
-5.247761018246450970e-02
-5.148911370140477062e-02
-5.029741254340611145e-02
-4.890720982397027405e-02
-4.732399205615162724e-02
-4.555400749772559738e-02
-4.360424149208862871e-02
-4.148238890020838204e-02
-3.919682373242315554e-02
-3.675656609994006063e-02
-3.417124661645993405e-02
-3.145106839041987568e-02
-2.860676675785312623e-02
-2.564956691478293554e-02
-2.259113961635650716e-02
-1.944355511755474844e-02
-1.621923553725365674e-02
-1.293090583363490018e-02
-9.591543584424285993e-03
-6.214327770152881097e-03
-2.812586762570719410e-03
6.002542765203391136e-04
4.010726378421122611e-03
7.405369923576033547e-03
1.077078776071701931e-02
1.409369807947291435e-02
1.736098682777952040e-02
2.055975946722206349e-02
2.367739186205471136e-02
2.670158010106081156e-02
2.962038905562903654e-02
3.242229948240827470e-02
3.509625348464802397e-02
3.763169815280847930e-02
4.001862721221036145e-02
4.224762051335942403e-02
4.430988120909522959e-02
4.619727047184208485e-02
4.790233961394887996e-02
4.941835948435291392e-02
5.073934702555227966e-02
5.186008888607802209e-02
5.277616199527836865e-02
5.348395101921516598e-02
5.398066262878236515e-02
5.426433652373589822e-02
5.433385316912875407e-02
5.418893821361839280e-02
5.383016357220981457e-02
5.325894516916076377e-02
5.247753734995730390e-02
5.148902398441275452e-02
5.029730629600241698e-02
4.890708746546620911e-02
4.732385406944195072e-02
4.555385442738258545e-02
4.360407394221299526e-02
4.148220753204508865e-02
3.919662926175187384e-02
3.675635929425020987e-02
3.417102829192177754e-02
3.145083940866343769e-02
2.860652802256775235e-02
2.564931936815083649e-02
2.259088423533434781e-02
1.944329291001809304e-02
1.621896753801922719e-02
1.293063310037673164e-02
9.591267193499491278e-03
6.214048812353756973e-03
2.812306338819878064e-03
-6.005350595148279845e-04
-4.011006412533412932e-03
-7.405648103635781299e-03
-1.077106298887099689e-02
-1.409396926951777748e-02
-1.736125290944852753e-02
-2.056001939040898174e-02
-2.367764460095809348e-02
-2.670182465823239815e-02
-2.962062446591022177e-02
-3.242252481673917747e-02
-3.509646785373406186e-02
-3.763190071063001602e-02
-4.001881715936157768e-02
-4.224779710020323820e-02
-4.431004373872174384e-02
-4.619741830281900996e-02
-4.790247216285296178e-02
-4.941847622807250123e-02
-5.073944750335172144e-02
