6.073017319572499711e-02
5.840402906232560615e-02
5.584739015043060917e-02
5.307034637899169655e-02
5.008385750710846879e-02
4.689970988072409558e-02
4.353046991714960845e-02
3.998943451099259971e-02
3.629057855721654069e-02
3.244849979843335286e-02
2.847836121409303908e-02
2.439583117893423872e-02
2.021702162686394438e-02
1.595842446430617220e-02
1.163684648396759100e-02
7.269343035886922065e-03
2.873150717538804078e-03
-1.534380651365517415e-03
-5.935856500915392270e-03
-1.031390615964716470e-02
-1.465125140887398210e-02
-1.893077467214553805e-02
-2.313558657072426264e-02
-2.724909257846633986e-02
-3.125505851305048627e-02
-3.513767460508960411e-02
-3.888161789227293635e-02
-4.247211269229682340e-02
-4.589498891592413976e-02
-4.913673799003671905e-02
-5.218456616997733943e-02
-5.502644503078107235e-02
-5.765115893802934960e-02
-6.004834931098074202e-02
-6.220855550329125461e-02
-6.412325213998601448e-02
-6.578488276332999929e-02
-6.718688965481275921e-02
-6.832373971555236181e-02
-6.919094630298086579e-02
-6.978508693763085802e-02
-7.010381681014281330e-02
-7.014587803518686215e-02
-6.991110461577777768e-02
-6.940042309839135337e-02
-6.861584891629687877e-02
-6.756047843553657228e-02
-6.623847673494316635e-02
-6.465506116842258122e-02
-6.281648077437385069e-02
-6.072999161350849107e-02
-5.840382813239961002e-02
-5.584717066577631756e-02
-5.307010920581761715e-02
-5.008360358143185836e-02
-4.689944020467690100e-02
-4.353018555502347758e-02
-3.998913658503861629e-02
-3.629026824321621852e-02
-3.244817832105829913e-02
-2.847802984207176841e-02
-2.439549122004501525e-02
-2.021667442277361865e-02
-1.595807138527515281e-02
-1.163648892344209748e-02
-7.268982404999636479e-03
-2.872788439539764212e-03
1.534743146725857030e-03
5.936217783028748321e-03
1.031426480269339273e-02
1.465160599744816904e-02
1.893112380684399201e-02
2.313592887366728787e-02
2.724942669873615594e-02
3.125538313202269602e-02
3.513798844163722873e-02
3.888191970782244739e-02
4.247240129571619449e-02
4.589526316822374608e-02
4.913699680886448456e-02
5.218480853389026453e-02
5.502666998327632175e-02
5.765136559131928823e-02
6.004853684949661152e-02
6.220872318690174457e-02
6.412339930691834944e-02
6.578500883278161349e-02
6.718699412924343528e-02
6.832382218264798635e-02
6.919100643728036404e-02
6.978512450181081905e-02
7.010383165595412969e-02
7.014587010403969258e-02
6.991107393897286193e-02
6.940036979699641673e-02
6.861577320066893082e-02
6.756038060449154337e-02
6.623835717457676742e-02
6.465492035058646725e-02
6.281631925481347134e-02
6.072981002966990755e-02
5.840362720091363258e-02
5.584695117963035804e-02
5.306987203122604663e-02
5.008334965441751940e-02
4.689917052737700709e-02
4.352990119173460321e-02
3.998883865801650117e-02
3.628995792824652594e-02
3.244785684281648735e-02
2.847769846928977291e-02
2.439515126050412208e-02
2.021632721814321798e-02
1.595771830581781819e-02
1.163613136260570509e-02
7.268621773918104365e-03
2.872426161463893443e-03
-1.535105642045309863e-03
-5.936579064983659934e-03
-1.031462344546425769e-02
-1.465196058563116022e-02
-1.893147294103694062e-02
-2.313627117599250521e-02
-2.724976081827831104e-02
-3.125570775016027480e-02
-3.513830227724651367e-02
-3.888222152233357376e-02
-4.247268989800127847e-02
-4.589553741929770087e-02
-4.913725562638005667e-02
-5.218505089640957523e-02
-5.502689493430208689e-02
-5.765157224306965977e-02
-6.004872438640886101e-02
-6.220889086885094538e-02
-6.412354647213822090e-02
-6.578513490047636914e-02
-6.718709860187986604e-02
-6.832390464791897322e-02
-6.919106656973211811e-02
-6.978516206412724299e-02
-7.010384649989340189e-02
-7.014586217101938248e-02
-6.991104326030105065e-02
-6.940031649374821254e-02
-6.861569748320857365e-02
-6.756028277164229101e-02
-6.623823761244143626e-02
-6.465477953102373443e-02
-6.281615773357568377e-02
-6.072962844420965595e-02
-5.840342626786813873e-02
-5.584673169199314002e-02
-5.306963485521740825e-02
-5.008309572606584048e-02
-4.689890084882479548e-02
-4.352961682728343634e-02
-3.998854072992661518e-02
-3.628964761230783764e-02
-3.244753536370831304e-02
-2.847736709574742731e-02
-2.439481130031187842e-02
-2.021598001297306851e-02
-1.595736522593445283e-02
-1.163577380145870005e-02
-7.268261142642591134e-03
-2.872063883311441138e-03
1.535468137323637173e-03
5.936940346779905064e-03
1.031498208795953234e-02
1.465231517342273013e-02
1.893182207472418957e-02
2.313661347769973772e-02
2.725009493709263167e-02
3.125603236746303526e-02
3.513861611191732015e-02
3.888252333580625997e-02
4.247297849915205453e-02
4.589581166914590699e-02
4.913751444258326884e-02
5.218529325753513276e-02
5.502711988385823594e-02
5.765177889328033239e-02
6.004891192171738640e-02
6.220905854913871130e-02
6.412369363564560110e-02
6.578526096641428011e-02
6.718720307272202374e-02
6.832398711136530856e-02
6.919112670033603085e-02
6.978519962457996328e-02
7.010386134196049113e-02
7.014585423612582082e-02
6.991101257976226058e-02
6.940026318864675470e-02
6.861562176391598766e-02
6.756018493698895400e-02
6.623811804853731167e-02
6.465463870973443827e-02
6.281599621066044636e-02
6.072944685712768770e-02
5.840322533326303134e-02
5.584651220286461493e-02
5.306939767779159794e-02
5.008284179637681466e-02
4.689863116902028006e-02
4.352933246166994230e-02
3.998824280076895832e-02
3.628933729540018832e-02
3.244721388373374843e-02
2.847703572144468648e-02
2.439447133946826343e-02
2.021563280726312167e-02
1.595701214562499429e-02
1.163541624000099389e-02
7.267900511172997909e-03
2.871701605082298877e-03
-1.535830632560965811e-03
-5.937301628417620755e-03
-1.031534073017937800e-02
-1.465266976082305918e-02
-1.893217120790591929e-02
-2.313695577878919010e-02
-2.725042905517933642e-02
-3.125635698393120637e-02
-3.513892994564981470e-02
-3.888282514824069336e-02
-4.247326709916870308e-02
-4.589608591776861424e-02
-4.913777325747442637e-02
-5.218553561726725631e-02
-5.502734483194503257e-02
-5.765198554195157671e-02
-6.004909945542249300e-02
-6.220922622776538929e-02
-6.412384079744072596e-02
-6.578538703059561010e-02
-6.718730754177018594e-02
-6.832406957298729766e-02
-6.919118682909244922e-02
-6.978523718316931301e-02
-7.010387618215566108e-02
-7.014584629935909088e-02
-6.991098189735663049e-02
-6.940020988169194605e-02
-6.861554604279093694e-02
-6.756008710053132416e-02
-6.623799848286422709e-02
-6.465449788671856490e-02
-6.281583468606766196e-02
-6.072926526842388484e-02
-5.840302439709821325e-02
-5.584629271224463010e-02
-5.306916049894848386e-02
-5.008258786535019214e-02
-4.689836148796322490e-02
-4.352904809489381577e-02
-3.998794487054325997e-02
-3.628902697752328654e-02
-3.244689240289252291e-02
-2.847670434638134573e-02
-2.439413137797309325e-02
-2.021528560101323868e-02
-1.595665906488935235e-02
-1.163505867823253458e-02
-7.267539879509299534e-03
-2.871339326776457118e-03
1.536193127757283852e-03
5.937662909896778383e-03
1.031569937212374437e-02
1.465302434783206410e-02
1.893252034058203609e-02
2.313729807926072010e-02
2.725076317253824834e-02
3.125668159956459385e-02
3.513924377844391406e-02
3.888312695963672128e-02
4.247355569805106451e-02
4.589636016516560751e-02
4.913803207105332804e-02
5.218577797560573772e-02
5.502756977856231718e-02
5.765219218908320536e-02
6.004928698752396571e-02
6.220939390473073649e-02
6.412398795752342895e-02
6.578551309302013705e-02
6.718741200902404731e-02
6.832415203278463522e-02
6.919124695600102626e-02
6.978527473989494523e-02
7.010389102047863419e-02
7.014583836071912326e-02
6.991095121308395222e-02
6.940015657288382822e-02
6.861547031983358802e-02
6.755998926226969292e-02
6.623787891542241846e-02
6.465435706197623922e-02
6.281567315979755262e-02
