-4.509332271016593813e-02
-4.063778562362193453e-02
-3.602186923540557500e-02
-3.126379051860133512e-02
-2.638232749790210899e-02
-2.139674514108073217e-02
-1.632671932871355286e-02
-1.119225920221342784e-02
-6.013628196630171376e-03
-8.112640698669003683e-04
4.394301756078558031e-03
9.582525223522866606e-03
1.473293071737381832e-02
1.982519187329445307e-02
2.483921179684066283e-02
2.975520237698302956e-02
3.455376238099759634e-02
3.921595402251956686e-02
4.372337770058017797e-02
4.805824461466443043e-02
5.220344696921076083e-02
5.614262549048638223e-02
5.986023398937907747e-02
6.334160071530516023e-02
6.657298625909648104e-02
6.954163777634991828e-02
7.223583931724340823e-02
7.464495806418945667e-02
7.675948629484667662e-02
7.857107890487931290e-02
8.007258634238026418e-02
8.125808282397845028e-02
8.212288972127583520e-02
8.266359402531675560e-02
8.287806181621941437e-02
8.276544668481052025e-02
8.232619307302647960e-02
8.156203451989828268e-02
8.047598682004260262e-02
7.907233612165913417e-02
7.735662201100587665e-02
7.533561565011132055e-02
7.301729305400336822e-02
7.041080361291848777e-02
6.752643398371957484e-02
6.437556749302732195e-02
6.097063921228285804e-02
5.732508688204049352e-02
5.345329787917030284e-02
4.937055243626801287e-02
4.509296333735939716e-02
4.063741232789381402e-02
3.602148348998840399e-02
3.126339384586107606e-02
2.638192146333000199e-02
2.139633134711500795e-02
1.632629940841531790e-02
1.119183481282170350e-02
6.013201013021505018e-03
8.108357779453793240e-04
-4.394729466034830515e-03
-9.582950663532549887e-03
-1.473335220841404114e-02
-1.982560775192716493e-02
-2.483962042177749463e-02
-2.975560213556273023e-02
-3.455415169555046961e-02
-3.921633135659390729e-02
-4.372374156500589970e-02
-4.805859357343016114e-02
-5.220377964513116253e-02
-5.614294057063723420e-02
-5.986053023027888831e-02
-6.334187694782257572e-02
-6.657324139306437794e-02
-6.954187080486774752e-02
-7.223604932065107176e-02
-7.464514421369673747e-02
-7.675964785580406680e-02
-7.857121523967751375e-02
-8.007269691296622915e-02
-8.125816719397917220e-02
-8.212294755772039934e-02
-8.266362509995035801e-02
-8.287806600640429400e-02
-8.276542397400986351e-02
-8.232614355086974312e-02
-8.156195838182742075e-02
-8.047588436654087851e-02
-7.907220775706495786e-02
-7.735646824191735882e-02
-7.533543708338681644e-02
-7.301709039436650450e-02
-7.041057766017684572e-02
-6.752618562960828463e-02
-6.437529771768984999e-02
-6.097034908040274009e-02
-5.732477753863942510e-02
-5.345297054508941353e-02
-4.937020840334960942e-02
-4.509260396334871523e-02
-4.063703903108056847e-02
-3.602109774360939820e-02
-3.126299717228605418e-02
-2.638151542805345848e-02
-2.139591755257797337e-02
-1.632587948768114347e-02
-1.119141042313113663e-02
-6.012773829252279593e-03
-8.104074860022147855e-04
4.395157175873744618e-03
9.583376103286325026e-03
1.473377369906081306e-02
1.982602363003043572e-02
2.484002904605098899e-02
2.975600189334784776e-02
3.455454100918067817e-02
3.921670868962109924e-02
4.372410542826408314e-02
4.805894253091256424e-02
5.220411231965751964e-02
5.614325564928886875e-02
5.986082646958019310e-02
6.334215317864852479e-02
6.657349652525453021e-02
6.954210383152857611e-02
7.223625932212976442e-02
7.464533036121069609e-02
7.675980941471173546e-02
7.857135157237753187e-02
8.007280748141401561e-02
8.125825156181011588e-02
8.212300539197206484e-02
8.266365617237661501e-02
8.287807019437609668e-02
8.276540126099915518e-02
8.232609402651464015e-02
8.156188224157864819e-02
8.047578191089013733e-02
7.907207939035927613e-02
7.735631447076311840e-02
7.533525851465051881e-02
7.301688773277964506e-02
7.041035170555479117e-02
6.752593727369363141e-02
6.437502794063315603e-02
6.097005894689429273e-02
5.732446819370742158e-02
5.345264320958099252e-02
4.936986436911271203e-02
4.509224458813378134e-02
4.063666573318202441e-02
3.602071199626837028e-02
3.126260049787606132e-02
2.638110939207235009e-02
2.139550375746950353e-02
1.632545956651094282e-02
1.119098603314166648e-02
6.012346645322453470e-03
8.099791940373883212e-04
-4.395584885595295137e-03
-9.583801542784179880e-03
-1.473419518931411501e-02
-1.982643950760424809e-02
-2.484043766966113898e-02
-2.975640165033830581e-02
-3.455493032188804853e-02
-3.921708602160093454e-02
-4.372446929035454094e-02
-4.805929148711150789e-02
-5.220444499278970030e-02
-5.614357072644108465e-02
-5.986112270728279755e-02
-6.334242940778285480e-02
-6.657375165566672970e-02
-6.954233685633219586e-02
-7.223646932167933354e-02
-7.464551650673124927e-02
-7.675997097156947446e-02
-7.857148790297924235e-02
-8.007291804772326271e-02
-8.125833592747082335e-02
-8.212306322403038761e-02
-8.266368724259515188e-02
-8.287807438013444772e-02
-8.276537854577797892e-02
-8.232604449996086537e-02
-8.156180609915157642e-02
-8.047567945309017090e-02
-7.907195102154185307e-02
-7.735616069754297497e-02
-7.533507994390230278e-02
-7.301668506924285929e-02
-7.041012574905243515e-02
-6.752568891597575396e-02
-6.437475816185736499e-02
-6.096976881175764779e-02
-5.732415884724460092e-02
-5.345231587264512307e-02
-4.936952033355743175e-02
-4.509188521171466485e-02
-4.063629243419832754e-02
-3.602032624796547983e-02
-3.126220382263128483e-02
-2.638070335538679131e-02
-2.139508996178974415e-02
-1.632503964490485820e-02
-1.119056164285343880e-02
-6.011919461232169762e-03
-8.095509020510322038e-04
4.396012595199361508e-03
9.584226982026003427e-03
1.473461667917385157e-02
1.982685538464850489e-02
2.484084629260781274e-02
2.975680140653401071e-02
3.455531963367253212e-02
3.921746335253339238e-02
4.372483315127728004e-02
4.805964044202696434e-02
5.220477766452772533e-02
5.614388580209398599e-02
5.986141894338684738e-02
6.334270563522557962e-02
6.657400678430111518e-02
6.954256987927877331e-02
7.223667931929989017e-02
7.464570265025839702e-02
7.676013252637731155e-02
7.857162423148267294e-02
8.007302861189424803e-02
8.125842029096162766e-02
8.212312105389577011e-02
8.266371831060628783e-02
8.287807856367969406e-02
8.276535582834677884e-02
8.232599497120877963e-02
8.156172995454660790e-02
8.047557699314128454e-02
7.907182265061299398e-02
7.735600692225720609e-02
7.533490137114236262e-02
7.301648240375617493e-02
7.040989979066977766e-02
6.752544055645456900e-02
6.437448838136247686e-02
6.096947867499293017e-02
5.732384949925099782e-02
5.345198853428190927e-02
4.936917629668379631e-02
4.509152583409145598e-02
4.063591913412949175e-02
3.601994049870067827e-02
3.126180714655166920e-02
2.638029731799675787e-02
2.139467616553864665e-02
1.632461972286281676e-02
1.119013725226636162e-02
6.011492276981331324e-03
8.091226100430568783e-04
-4.396440304686026999e-03
-9.584652421011863321e-03
-1.473503816864007825e-02
-1.982727126116326857e-02
-2.484125491489110396e-02
-2.975720116193503878e-02
-3.455570894453415670e-02
-3.921784068241846583e-02
-4.372519701103221718e-02
-4.805998939565882949e-02
-5.220511033487141433e-02
-5.614420087624733685e-02
-5.986171517789200952e-02
-6.334298186097647720e-02
-6.657426191115729808e-02
-6.954280290036776724e-02
-7.223688931499093469e-02
-7.464588879179168135e-02
-7.676029407913484426e-02
-7.857176055788749058e-02
-8.007313917392652747e-02
-8.125850465228204311e-02
-8.212317888156767109e-02
-8.266374937640948162e-02
-8.287808274501122507e-02
-8.276533310870479165e-02
-8.232594544025766126e-02
-8.156165380776307650e-02
-8.047547453104285375e-02
-7.907169427757207436e-02
-7.735585314490521502e-02
-7.533472279637033753e-02
-7.301627973631941160e-02
-7.040967383040666605e-02
-6.752519219512997939e-02
-6.437421859914826960e-02
-6.096918853659977905e-02
-5.732354014972637635e-02
-5.345166119449105968e-02
-4.936883225849158369e-02
