7.891852998000326025e-02
7.962884790319206540e-02
8.002490610913222391e-02
8.010514153188615094e-02
7.986923751785485193e-02
7.931812507546928681e-02
7.845397920091336241e-02
7.728021029437934231e-02
7.580145070073215918e-02
7.402353642770030662e-02
7.195348411374397068e-02
6.959946333649739969e-02
6.697076437107239710e-02
6.407776152546611204e-02
6.093187219777236596e-02
5.754551181677916571e-02
5.393204484378236185e-02
5.010573202898895712e-02
4.608167413066618923e-02
4.187575231915137419e-02
3.750456550092205743e-02
3.298536481007987436e-02
2.833598552578167618e-02
2.357477668430944806e-02
1.872052866356869322e-02
1.379239902580756127e-02
8.809836911222196365e-03
3.792506280833454323e-03
-1.239791688438898407e-03
-6.267196750232168975e-03
-1.126986796831764247e-02
-1.622806201996892031e-02
-2.112221111409313956e-02
-2.593300021661671187e-02
-3.064144327835125955e-02
-3.522895816450235390e-02
-3.967743999010735212e-02
-4.396933257197999101e-02
-4.808769771517260039e-02
-5.201628206051315401e-02
-5.573958122939936394e-02
-5.924290101269906461e-02
-6.251241536227111761e-02
-6.553522095624043919e-02
-6.829938812268193660e-02
-7.079400792074022619e-02
-7.300923519337715328e-02
-7.493632742183628515e-02
-7.656767922848412011e-02
-7.789685239185964449e-02
-7.891860125547657534e-02
-7.962889343010112753e-02
-8.002492570780257719e-02
-8.010513512497050015e-02
-7.986920513063840155e-02
-7.931806683577001527e-02
-7.845389533857749509e-02
-7.728010114037432710e-02
-7.580131668584030868e-02
-7.402337808081901893e-02
-7.195330205979805216e-02
-6.959925829397299590e-02
-6.697053714918134448e-02
-6.407751302095238133e-02
-6.093160339137293491e-02
-5.754522376935358036e-02
-5.393173869212593285e-02
-5.010540898134640403e-02
-4.608133546196314934e-02
-4.187539936596290646e-02
-3.750419965619770230e-02
-3.298498751764637055e-02
-2.833559827464480346e-02
-2.357438100277756132e-02
-1.872012611322116868e-02
-1.379199119533192422e-02
-8.809425410144308341e-03
-3.792092733165408104e-03
1.240205650608017414e-03
6.267609493177431559e-03
1.127027786312584726e-02
1.622846744896721399e-02
2.112261047723322863e-02
2.593339193778952320e-02
3.064182581160721300e-02
3.522933000015249227e-02
3.967779966068140513e-02
4.396967865801784670e-02
4.808802885082631012e-02
5.201659693893728731e-02
5.573987860790856341e-02
5.924317971767231045e-02
6.251267429378357110e-02
6.553545909240436618e-02
6.829960452367958568e-02
7.079420173253302140e-02
7.300940565107594260e-02
7.493647385272023120e-02
7.656780105465553488e-02
7.789694913252460939e-02
7.891867252884261774e-02
7.962893895488395990e-02
8.002494530433605646e-02
8.010512871591579653e-02
7.986917274128925437e-02
7.931800859395277126e-02
7.845381147414677570e-02
7.727999198430579586e-02
7.580118266892456325e-02
7.402321973196131222e-02
7.195312000393104535e-02
6.959905324959038408e-02
6.697030992550227768e-02
6.407726451472786633e-02
6.093133458334672875e-02
5.754493572039166144e-02
5.393143253902966949e-02
5.010508593236613628e-02
4.608099679202983662e-02
4.187504641165645802e-02
3.750383381047211334e-02
3.298461022433230722e-02
2.833521102275151499e-02
2.357398532061634466e-02
1.871972356237389459e-02
1.379158336448811292e-02
8.809013908831278550e-03
3.791679185396187174e-03
-1.240619612743951595e-03
-6.268022235955275981e-03
-1.127068775763307058e-02
-1.622887287753213906e-02
-2.112300983980926194e-02
-2.593378365826985374e-02
-3.064220834404497718e-02
-3.522970183486194562e-02
-3.967815933019600699e-02
-4.397002474288168317e-02
-4.808835998519603305e-02
-5.201691181597249691e-02
-5.574017598492935627e-02
-5.924345842106361337e-02
-6.251293322362683202e-02
-6.553569722681841514e-02
-6.829982092285356854e-02
-7.079439554243546762e-02
-7.300957610682518029e-02
-7.493662028160301414e-02
-7.656792287878211312e-02
-7.789704587110932166e-02
-7.891874380010113765e-02
-7.962898447754022946e-02
-8.002496489873237029e-02
-8.010512230472176254e-02
-7.986914034980704957e-02
-7.931795035001720784e-02
-7.845372760762082953e-02
-7.727988282617340166e-02
-7.580104864998440939e-02
-7.402306138112658973e-02
-7.195293794614225635e-02
-6.959884820334880096e-02
-6.697008270003446118e-02
-6.407701600679184539e-02
-6.093106577369302584e-02
-5.754464766989263874e-02
-5.393112638449282931e-02
-5.010476288204757100e-02
-4.608065812086569596e-02
-4.187469345623151540e-02
-3.750346796374475628e-02
-3.298423293013720559e-02
-2.833482377010136666e-02
-2.357358963782547542e-02
-1.871932101102663157e-02
-1.379117553327594350e-02
-8.808602407282969948e-03
-3.791265637525693954e-03
1.241033574846747787e-03
6.268434978565703974e-03
1.127109765183925347e-02
1.622927830566358101e-02
2.112340920182109727e-02
2.593417537805749185e-02
3.064259087566428494e-02
3.523007366863041556e-02
3.967851899865079690e-02
4.397037082657104939e-02
4.808869111828127652e-02
5.201722669161835955e-02
5.574047336046140250e-02
5.924373712287261950e-02
6.251319215180044242e-02
6.553593535948210036e-02
6.830003732020339946e-02
7.079458935044710688e-02
7.300974656062443613e-02
7.493676670848446741e-02
7.656804470086379932e-02
7.789714260761348985e-02
7.891881506925178813e-02
7.962902999806971416e-02
8.002498449099136602e-02
8.010511589138828714e-02
7.986910795619166226e-02
7.931789210396315848e-02
7.845364373899946231e-02
7.727977366597690856e-02
7.580091462901962507e-02
7.402290302831485147e-02
7.195275588643179621e-02
6.959864315524849632e-02
6.696985547277804762e-02
6.407676749714452669e-02
6.093079696241203436e-02
5.754435961785681064e-02
5.393082022851567597e-02
5.010443983039082616e-02
4.608031944847087308e-02
4.187434049968821737e-02
3.750310211601578375e-02
3.298385563506114893e-02
2.833443651669442440e-02
2.357319395440496748e-02
1.871891845917938654e-02
1.379076770169541943e-02
8.808190905499380802e-03
3.790852089553920640e-03
-1.241447536916423771e-03
-6.268847721008739826e-03
-1.127150754574443234e-02
-1.622968373336160230e-02
-2.112380856326880052e-02
-2.593456709715250691e-02
-3.064297340646522302e-02
-3.523044550145799925e-02
-3.967887866604591363e-02
-4.397071690908613273e-02
-4.808902225008224174e-02
-5.201754156587496541e-02
-5.574077073450474373e-02
-5.924401582309934272e-02
-6.251345107830444392e-02
-6.553617349039538020e-02
-6.830025371572896742e-02
-7.079478315656785592e-02
-7.300991701247362686e-02
-7.493691313336435511e-02
-7.656816652090035757e-02
-7.789723934203711397e-02
-7.891888633629468019e-02
-7.962907551647244175e-02
-8.002500408111301589e-02
-8.010510947591535647e-02
-7.986907556044313405e-02
-7.931783385579070644e-02
-7.845355986828274342e-02
-7.727966450371644147e-02
-7.580078060603040457e-02
-7.402274467352606968e-02
-7.195257382479948449e-02
-6.959843810528913710e-02
-6.696962824373289824e-02
-6.407651898578574368e-02
-6.093052814950365020e-02
-5.754407156428403142e-02
-5.393051407109807072e-02
-5.010411677739584624e-02
-4.607998077484529165e-02
-4.187398754202651535e-02
-3.750273626728518189e-02
-3.298347833910419274e-02
-2.833404926253078188e-02
-2.357279827035492145e-02
-1.871851590683224625e-02
-1.379035986974661704e-02
-8.807779403480596112e-03
-3.790438541480963940e-03
1.241861498952875897e-03
6.269260463284279453e-03
1.127191743934851005e-02
1.623008916062610579e-02
2.112420792415226761e-02
2.593495881555478791e-02
3.064335593644766306e-02
3.523081733334457871e-02
3.967923833238123227e-02
4.397106299042678051e-02
4.808935338059881770e-02
5.201785643874228676e-02
5.574106810705937304e-02
5.924429452174378302e-02
6.251371000313890591e-02
6.553641161955846284e-02
6.830047010943054997e-02
7.079497696079806168e-02
7.301008746237321045e-02
7.493705955624314907e-02
7.656828833889227359e-02
7.789733607438061036e-02
