4.640441992670961413e-02
4.907180247880994772e-02
5.154552040837776655e-02
5.381581104877188743e-02
5.587371457056481555e-02
5.771110934201235249e-02
5.932074398152911709e-02
6.069626597567295834e-02
6.183224674969579893e-02
6.272420309171844455e-02
6.336861484597791638e-02
6.376293880531985758e-02
6.390561874810812837e-02
6.379609157994092783e-02
6.343478955593431778e-02
6.282313857480338604e-02
6.196355255147280305e-02
6.085942389042604816e-02
5.951511009739081370e-02
5.793591658219802987e-02
5.612807572068427564e-02
5.409872225827068448e-02
5.185586515228982063e-02
4.940835596418598902e-02
4.676585392633124394e-02
4.393878782132277366e-02
4.093831482420702550e-02
3.777627647006222278e-02
3.446515192071563510e-02
3.101800871503106877e-02
2.744845119713324941e-02
2.377056682610035471e-02
1.999887057901607659e-02
1.614824766679789567e-02
1.223389478887685310e-02
8.271260158570336446e-03
4.275982535841251798e-03
2.638295080541022989e-04
-3.749364737693448250e-03
-7.747761905078615931e-03
-1.171558209527883559e-02
-1.563716608322806775e-02
-1.949703711762735409e-02
-2.327996200081243819e-02
-2.697101120742327607e-02
-3.055561780461373000e-02
-3.401963494126961085e-02
-3.734939167935056453e-02
-4.053174694701427994e-02
-4.355414140059404166e-02
-4.640464699075336208e-02
-4.907201403720219679e-02
-5.154571562619143094e-02
-5.381598915556894819e-02
-5.587387486343675658e-02
-5.771125118835436496e-02
-5.932086682153666496e-02
-6.069636932455102496e-02
-6.183233019957222465e-02
-6.272426631325360435e-02
-6.336865758966453432e-02
-6.376296090246752479e-02
-6.390562011150924260e-02
-6.379607220421469604e-02
-6.343474951754818347e-02
-6.282307803177111794e-02
-6.196347174273083430e-02
-6.085932313489063328e-02
-5.951498979269929240e-02
-5.793577720313960316e-02
-5.612791781732623386e-02
-5.409854645378752575e-02
-5.185567214050379459e-02
-4.940814650682894688e-02
-4.676562885003841125e-02
-4.393854801437035995e-02
-4.093806123300661182e-02
-3.777601009542572857e-02
-3.446487381390550553e-02
-3.101771997361142674e-02
-2.744815296063832927e-02
-2.377026027153722812e-02
-1.999855691621951759e-02
-1.614792813365572427e-02
-1.223357064644455851e-02
-8.270932686094228242e-03
-4.275653025709823946e-03
-2.634992606975804859e-04
3.749694418935337840e-03
7.748089719100353587e-03
1.171590674834398389e-02
1.563748629407508625e-02
1.949735162252616907e-02
2.328026955855180130e-02
2.697131060420930246e-02
3.055590785886020538e-02
3.401991450826116758e-02
3.734965965576039770e-02
4.053200227525843163e-02
4.355438307300527750e-02
4.640487405355797623e-02
4.907222559428404962e-02
5.154591084262863387e-02
5.381616726092885994e-02
5.587403515481659949e-02
5.771139303315522134e-02
5.932098965996004947e-02
6.069647267180824229e-02
6.183241364779750587e-02
6.272432953311386783e-02
6.336870033165897809e-02
6.376298299791258173e-02
6.390562147320393016e-02
6.379605282678500744e-02
6.343470947746830679e-02
6.282301748706145550e-02
6.196339093233443202e-02
6.085922237773022658e-02
5.951486948641868807e-02
5.793563782253429578e-02
5.612775991246960611e-02
5.409837064785994604e-02
5.185547912733323023e-02
4.940793704815269610e-02
4.676540377249687602e-02
4.393830820624470418e-02
4.093780764071307948e-02
3.777574371978051349e-02
3.446459570617506352e-02
3.101743123136353406e-02
2.744785472341046764e-02
2.376995371633935927e-02
1.999824325288892396e-02
1.614760860008235960e-02
1.223324650368558947e-02
8.270605213397246372e-03
4.275323515464216594e-03
2.631690133340212250e-04
-3.750024100077093987e-03
-7.748417532915174294e-03
-1.171623140109625746e-02
-1.563780650450449783e-02
-1.949766612690428599e-02
-2.328057711566946034e-02
-2.697161000027507166e-02
-3.055619791229070847e-02
-3.402019407434427045e-02
-3.734992763117286202e-02
-4.053225760242024772e-02
-4.355462474425347841e-02
-4.640510111512340802e-02
-4.907243715005549234e-02
-5.154610605768937537e-02
-5.381634536485169207e-02
-5.587419544470441368e-02
-5.771153487641493551e-02
-5.932111249679929837e-02
-6.069657601744454789e-02
-6.183249709437153852e-02
-6.272439275129901293e-02
-6.336874307196109501e-02
-6.376300509165465369e-02
-6.390562283319177472e-02
-6.379603344765141792e-02
-6.343466943569406324e-02
-6.282295694067366321e-02
-6.196331012028283292e-02
-6.085912161894414113e-02
-5.951474917854834151e-02
-5.793549844038145546e-02
-5.612760200611375400e-02
-5.409819484048735555e-02
-5.185528611277758632e-02
-4.940772758815674404e-02
-4.676517869370627745e-02
-4.393806839694552879e-02
-4.093755404732616482e-02
-3.777547734312639016e-02
-3.446431759752415641e-02
-3.101714248828724152e-02
-2.744755648544954657e-02
-2.376964716050665102e-02
-1.999792958902424020e-02
-1.614728906607773226e-02
-1.223292236059990608e-02
-8.270277740479392570e-03
-4.274994005104433212e-03
-2.628387659634391529e-04
3.750353781118692404e-03
7.748745346523058970e-03
1.171655605353561988e-02
1.563812671451627473e-02
1.949798063076169791e-02
2.328088467216537366e-02
2.697190939562050388e-02
3.055648796490514213e-02
3.402047363951878761e-02
3.735019560558777707e-02
4.053251292849954779e-02
4.355486641433841538e-02
4.640532817544944927e-02
4.907264870451632371e-02
5.154630127137343337e-02
5.381652346733719477e-02
5.587435573309993547e-02
5.771167671813334094e-02
5.932123533205428678e-02
6.069667936145988624e-02
6.183258053929425319e-02
6.272445596780903965e-02
6.336878581057101001e-02
6.376302718369401823e-02
6.390562419147317874e-02
6.379601406681426057e-02
6.343462939222589692e-02
6.282289639260829617e-02
6.196322930657663375e-02
6.085902085853294591e-02
5.951462886908875927e-02
5.793535905668152630e-02
5.612744409825905917e-02
5.409801903167012899e-02
5.185509309683714735e-02
4.940751812684138905e-02
4.676495361366683756e-02
4.393782858647297257e-02
4.093730045284598579e-02
3.777521096546347656e-02
3.446403948795287442e-02
3.101685374438260118e-02
2.744725824675560422e-02
2.376934060403914500e-02
1.999761592462546630e-02
1.614696953164185614e-02
1.223259821718751875e-02
8.269950267340647754e-03
4.274664494630454718e-03
2.625085185858052673e-04
-3.750683462060171690e-03
-7.749073159924043178e-03
-1.171688070566213186e-02
-1.563844692411046899e-02
-1.949829513409843951e-02
-2.328119222803959332e-02
-2.697220879024570320e-02
-3.055677801670362084e-02
-3.402075320378483009e-02
-3.735046357900533021e-02
-4.053276825349645673e-02
-4.355510808326028271e-02
-4.640555523453626652e-02
-4.907286025766669640e-02
-5.154649648368097442e-02
-5.381670156838560398e-02
-5.587451602000340772e-02
-5.771181855831061802e-02
-5.932135816572513265e-02
-6.069678270385431978e-02
-6.183266398256574009e-02
-6.272451918264398962e-02
-6.336882854748852878e-02
-6.376304927403046718e-02
-6.390562554804778139e-02
-6.379599468427324394e-02
-6.343458934706357188e-02
-6.282283584286516009e-02
-6.196314849121564022e-02
-6.085892009649643969e-02
-5.951450855803976786e-02
-5.793521967143438339e-02
-5.612728618890543142e-02
-5.409784322140812757e-02
-5.185490007951186475e-02
-4.940730866420648543e-02
-4.676472853237838290e-02
-4.393758877482692449e-02
-4.093704685727249382e-02
-3.777494458679166861e-02
-3.446376137746116897e-02
-3.101656499964964772e-02
-2.744696000732867180e-02
-2.376903404693686897e-02
-1.999730225969266473e-02
-1.614664999677479715e-02
-1.223227407344847258e-02
-8.269622793981077843e-03
-4.274334984042353972e-03
-2.621782712012032685e-04
3.751013142901437301e-03
7.749400973118032374e-03
1.171720535747567023e-02
1.563876713328694879e-02
1.949860963691438590e-02
2.328149978329199787e-02
2.697250818415049614e-02
3.055706806768593645e-02
3.402103276714221053e-02
3.735073155142527163e-02
4.053302357741078027e-02
4.355534975101882367e-02
