-4.897673641315530846e-02
-4.913443983741400123e-02
-4.909823143728905825e-02
-4.886825411126366481e-02
-4.844541547776198137e-02
-4.783138429318203877e-02
-4.702858386605495572e-02
-4.604018249332186841e-02
-4.487008095647216505e-02
-4.352289712689050294e-02
-4.200394774116809893e-02
-4.031922741830349516e-02
-3.847538500160217062e-02
-3.647969731864339482e-02
-3.434004046287165296e-02
-3.206485871015190420e-02
-2.966313119296095160e-02
-2.714433646373723419e-02
-2.451841508724156640e-02
-2.179573040956054447e-02
-1.898702765857946187e-02
-1.610339153733749556e-02
-1.315620247762503553e-02
-1.015709172647092165e-02
-7.117895442773254644e-03
-4.050607985234030983e-03
-9.673345759493764398e-04
2.119756473528846327e-03
5.198481785117490574e-03
8.256690996587505785e-03
1.128231471365037132e-02
1.426341214250004957e-02
1.718821821482587747e-02
2.004519001931492211e-02
2.282305235639935093e-02
2.551084223646428450e-02
2.809795214590157103e-02
3.057417191025761649e-02
3.292972898925987379e-02
3.515532704469544883e-02
3.724218262893161380e-02
3.918205984928493230e-02
4.096730287143376947e-02
4.259086613359829715e-02
4.404634215224536437e-02
4.532798680958188831e-02
4.643074202303813097e-02
4.735025570727442734e-02
4.808289894993018898e-02
4.862578033333026656e-02
4.897675734562697419e-02
4.913444483634349380e-02
4.909822048294779778e-02
4.886822724688359015e-02
4.844537280936486723e-02
4.783132598916112893e-02
4.702851015651034194e-02
4.604009366915241819e-02
4.486997736822744692e-02
4.352277918338730983e-02
4.200381590787708591e-02
4.031908221551212118e-02
3.847522700236146592e-02
3.647952714650619377e-02
3.433985878943184022e-02
3.206466625239393770e-02
2.966292871043017462e-02
2.714412475554230791e-02
2.451819498890076346e-02
2.179550278970431021e-02
1.898679341552233710e-02
1.610315159553284484e-02
1.315595778401666693e-02
1.015684324675589396e-02
7.117644157590703735e-03
4.050354886295033825e-03
9.670806621231015088e-04
-2.120010200157233099e-03
-5.198734323201612169e-03
-8.256941349471637673e-03
-1.128256189330280670e-02
-1.426365517341241472e-02
-1.718845613786302781e-02
-2.004542189550025458e-02
-2.282327727062047687e-02
-2.551105930108461123e-02
-2.809816050426339543e-02
-3.057437074006297273e-02
-3.292991750581576726e-02
-3.515550450401070531e-02
-3.724234833065310363e-02
-3.918221313946149142e-02
-4.096744314509712798e-02
-4.259099283715055140e-02
-4.404645478564381267e-02
-4.532808492831251479e-02
-4.643082523986988980e-02
-4.735032369378741612e-02
-4.808295143781184111e-02
-4.862581711543418478e-02
-4.897677827679053353e-02
-4.913444983396067500e-02
-4.909820952729523208e-02
-4.886820038119835813e-02
-4.844533013967393387e-02
-4.783126768386281730e-02
-4.702843644570980225e-02
-4.604000484375342372e-02
-4.486987377878443733e-02
-4.352266123872181730e-02
-4.200368407346436600e-02
-4.031893701164411536e-02
-3.847506900209334002e-02
-3.647935697339486916e-02
-3.433967711507507348e-02
-3.206447379377976026e-02
-2.966272622710730902e-02
-2.714391304662255519e-02
-2.451797488990527241e-02
-2.179527516926609357e-02
-1.898655917195823939e-02
-1.610291165329824636e-02
-1.315571309005705326e-02
-1.015659476676970298e-02
-7.117392872218150299e-03
-4.050101787247943445e-03
-9.668267482710704878e-04
2.120263926728937348e-03
5.198986861146834455e-03
8.257191702135202940e-03
1.128280907265388940e-02
1.426389820394382245e-02
1.718869406044113216e-02
2.004565377115024097e-02
2.282350218423207996e-02
2.551127636502363571e-02
2.809836886187483049e-02
3.057456956905181197e-02
3.293010602149224614e-02
3.515568196238714332e-02
3.724251403138004873e-02
3.918236642859170005e-02
4.096758341766644496e-02
4.259111953956542379e-02
4.404656741786607682e-02
4.532818304583277613e-02
4.643090845546184176e-02
4.735039167903606211e-02
4.808300392440956195e-02
4.862585389623967635e-02
4.897679920664629177e-02
4.913445483026585708e-02
4.909819857033162482e-02
4.886817351420822547e-02
4.844528746868937558e-02
4.783120937728724958e-02
4.702836273365339215e-02
4.603991601712493359e-02
4.486977018814317097e-02
4.352254329289406698e-02
4.200355223792992532e-02
4.031879180669932505e-02
3.847491100079766801e-02
3.647918679930930996e-02
3.433949543980122088e-02
3.206428133430925392e-02
2.966252374299226460e-02
2.714370133697788234e-02
2.451775479025497181e-02
2.179504754824579740e-02
1.898632492788706119e-02
1.610267171063356137e-02
1.315546839574606268e-02
1.015634628651223940e-02
7.117141586655496323e-03
4.049848688092675709e-03
9.665728343932056396e-04
-2.120517653244028029e-03
-5.199239398953218148e-03
-8.257442054578253629e-03
-1.128305625170363674e-02
-1.426414123409427796e-02
-1.718893198256016275e-02
-2.004588564626485700e-02
-2.282372709723412552e-02
-2.551149342828132327e-02
-2.809857721873583805e-02
-3.057476839722409606e-02
-3.293029453628925490e-02
-3.515585941982465185e-02
-3.724267973111231728e-02
-3.918251971667545408e-02
-4.096772368914163714e-02
-4.259124624084283106e-02
-4.404668004891200417e-02
-4.532828116214249886e-02
-4.643099166981380643e-02
-4.735045966302014325e-02
-4.808305640972315720e-02
-4.862589067574654700e-02
-4.897682013519404076e-02
-4.913445982525877637e-02
-4.909818761205671928e-02
-4.886814664591299096e-02
-4.844524479641099113e-02
-4.783115106943428008e-02
-4.702828902034104919e-02
-4.603982718926696860e-02
-4.486966659630364784e-02
-4.352242534590402417e-02
-4.200342040127381243e-02
-4.031864660067788902e-02
-3.847475299847459562e-02
-3.647901662424968272e-02
-3.433931376361040733e-02
-3.206408887398255747e-02
-2.966232125808514891e-02
-2.714348962660841080e-02
-2.451753468994999352e-02
-2.179481992664351886e-02
-1.898609068330892741e-02
-1.610243176753893210e-02
-1.315522370108383396e-02
-1.015609780598362814e-02
-7.116890300902850228e-03
-4.049595588829319956e-03
-9.663189204895890382e-04
2.120771379702435320e-03
5.199491936620706869e-03
8.257692406800748106e-03
1.128330343045203313e-02
1.426438426386378820e-02
1.718916990422015775e-02
2.004611752084414431e-02
2.282395200962667944e-02
2.551171049085776757e-02
2.809878557484652220e-02
3.057496722457993601e-02
3.293048305020694622e-02
3.515603687632340435e-02
3.724284542985011742e-02
3.918267300371292006e-02
4.096786395952291271e-02
4.259137294098296056e-02
4.404679267878176124e-02
4.532837927724174543e-02
4.643107488292583240e-02
4.735052764573972894e-02
4.808310889375270319e-02
4.862592745395487998e-02
4.897684106243391233e-02
4.913446481893963408e-02
4.909817665247073054e-02
4.886811977631276560e-02
4.844520212283894012e-02
4.783109276030401980e-02
4.702821530577282888e-02
4.603973836017948018e-02
4.486956300326589570e-02
4.352230739775173052e-02
4.200328856349595102e-02
4.031850139357964768e-02
3.847459499512399100e-02
3.647884644821575845e-02
3.433913208650243853e-02
3.206389641279944885e-02
2.966211877238578501e-02
2.714327791551395669e-02
2.451731458899017099e-02
2.179459230445911569e-02
1.898585643822366109e-02
1.610219182401419896e-02
1.315497900607020404e-02
1.015584932518371133e-02
7.116639014960067164e-03
4.049342489457752152e-03
9.660650065601073845e-04
-2.121025106104257665e-03
-5.199744474149385620e-03
-8.257942758802750555e-03
-1.128355060889913580e-02
-1.426462729325237225e-02
-1.718940782542110676e-02
-2.004634939488808554e-02
-2.282417692140968277e-02
-2.551192755275283677e-02
-2.809899393020672681e-02
-3.057516605111916183e-02
-3.293067156324507722e-02
-3.515621433188318573e-02
-3.724301112759320631e-02
-3.918282628970388287e-02
-4.096800422880998022e-02
-4.259149963998552085e-02
-4.404690530747507049e-02
-4.532847739113036317e-02
-4.643115809479776701e-02
-4.735059562719468734e-02
-4.808316137649802646e-02
-4.862596423086447406e-02
