-5.809050165895992407e-02
5.813339258008203697e-02
-3.876733920210431034e-02
5.195922029791188307e-02
4.520069242028024181e-04
1.223637259199315125e-02
-4.000475812595237490e-05
3.013715902031638416e-02
-1.778085699159039773e-02
3.033214817840759053e-02
-4.182516314217867709e-02
7.887519902607034727e-02
-5.180871151721461176e-02
1.072170017955512145e-02
-1.728348223905348813e-02
2.337520392835674282e-02
9.566434295699432350e-03
-3.938035291268542071e-02
1.618055138653262670e-03
-3.456233917414308979e-03
3.517956648493523325e-02
2.325206811522153791e-02
1.342910380550913288e-02
-3.457561069954219468e-02
-3.196240852845581154e-02
-2.835097930981900910e-02
-1.177083340137560774e-02
-1.703979895880296941e-02
-4.896401059248953191e-02
3.270316794664579474e-02
6.084056150790431022e-02
4.626638109575489238e-02
-3.458278347166120897e-02
-4.531179492060410235e-02
1.068131181294122017e-02
6.588330556494170764e-02
-4.846171800413270891e-02
7.238315135254659582e-02
7.628473266273082254e-02
3.177480283320069376e-02
3.534921515711056395e-02
-8.542784554180120338e-02
-5.122673236597686391e-02
