4.788337170769520201e-02
2.684982226613135889e-02
4.542853607573489605e-02
7.750831342534718338e-02
2.812667288176188413e-02
-2.589309049730546125e-02
3.421172364091628476e-02
-5.281102817749280115e-02
-4.574045054178779018e-02
8.803907798014917740e-03
8.185407179903418651e-02
-1.428825849682900662e-02
1.654604530874649940e-02
1.267635400072840944e-02
-6.845928624317413128e-03
-1.534930261217990442e-02
-1.102696062856402606e-02
-1.170683322758432968e-02
3.715911074014321969e-02
-4.279183212751422327e-02
6.118292835769660598e-02
4.244344322361354171e-02
-2.977511448056782695e-02
-6.416256303014289397e-05
-2.536615496798667879e-02
4.777313431909745861e-03
1.366004318939405791e-02
4.048034113136112291e-03
4.358404476320776842e-03
4.792397182184317261e-02
3.475541856231922910e-02
-4.422982480174685038e-02
-6.371707358360644002e-02
-6.925716203348546152e-02
-6.123002748968889297e-02
2.431006135453829542e-02
9.086592092216745631e-03
-9.866216740531091878e-03
5.439721553946926316e-03
-8.170422985579331443e-02
-4.150017183359282907e-02
2.453455259168265540e-02
3.473192647684993084e-02
