-1.705217988088172584e-02
-1.726598592117589356e-02
-1.741165077901563052e-02
-1.748859957986434455e-02
-1.749652864096089971e-02
-1.743540666982068207e-02
-1.730547488773313131e-02
-1.710724607776838505e-02
-1.684150256105016244e-02
-1.650929310928144975e-02
-1.611192880570822689e-02
-1.565097787085574163e-02
-1.512825947345828453e-02
-1.454583655100764004e-02
-1.390600766825449315e-02
-1.321129794579366072e-02
-1.246444909453393000e-02
-1.166840859538208902e-02
-1.082631806684411155e-02
-9.941500866451400895e-03
-9.017448974943772372e-03
-8.057809214971503251e-03
-7.066368858705050597e-03
-6.047040681152891090e-03
-5.003847518175343415e-03
-3.940906390137083326e-03
-2.862412253855208932e-03
-1.772621446966732989e-03
-6.758348900532168326e-04
4.236188871836804788e-04
1.521400828707603851e-03
2.613178476475667804e-03
3.694643068727270462e-03
4.761526544754202984e-03
5.809618389041777860e-03
6.834782248304599288e-03
7.832972255836958067e-03
8.800248998752860027e-03
9.732795065100033685e-03
1.062693010949049277e-02
1.147912537779014266e-02
1.228601763354499575e-02
1.304442243118260868e-02
1.375134668360526551e-02
1.440400047457617884e-02
1.499980806928047534e-02
1.553641807960722855e-02
1.601171274403459174e-02
1.642381628549451425e-02
1.677110231423218842e-02
1.705220024644451410e-02
1.726600071336600872e-02
1.741165993945485366e-02
1.748860307240049372e-02
1.749652645181047281e-02
1.743539880762328548e-02
1.730546138351735791e-02
1.710722698482939480e-02
1.684147795473929857e-02
1.650926308670892448e-02
1.611189348535979268e-02
1.565093739212513116e-02
1.512821399609708996e-02
1.454578625449481390e-02
1.390595275108804686e-02
1.321123862470727391e-02
1.246438560364159648e-02
1.166834118525418053e-02
1.082624700351848129e-02
9.941426430383454305e-03
9.017371459899628516e-03
8.057728926868637509e-03
7.066286114404967886e-03
6.046955807210611412e-03
5.003760849550643701e-03
3.940818268872554875e-03
2.862323027726368027e-03
1.772531468109505301e-03
6.757445135742120614e-04
-4.237093046086158154e-04
-1.521490930241027996e-03
-2.613267906526820904e-03
-3.694731474355437886e-03
-4.761613577061613381e-03
-5.809703704550543170e-03
-6.834865510312276675e-03
-7.833053135745360676e-03
-8.800327177364886816e-03
-9.732870233879406530e-03
-1.062700197177941265e-02
-1.147919364998004760e-02
-1.228608204619585295e-02
-1.304448273008628617e-02
-1.375140263078875220e-02
-1.440405184924077077e-02
-1.499985466867317062e-02
-1.553645971982091020e-02
-1.601174926073383256e-02
-1.642384753456408927e-02
-1.677112817234589770e-02
-1.705222061155187152e-02
-1.726601550509497193e-02
-1.741166909942903560e-02
-1.748860656446953737e-02
-1.749652426219273568e-02
-1.743539094496021971e-02
-1.730544787883939520e-02
-1.710720789143350615e-02
-1.684145334797864518e-02
-1.650923306369547067e-02
-1.611185816458102910e-02
-1.565089691297651825e-02
-1.512816851833185573e-02
-1.454573595759349990e-02
-1.390589783355020322e-02
-1.321117930326804260e-02
-1.246432211241637472e-02
-1.166827377481464978e-02
-1.082617593990372294e-02
-9.941351994050010021e-03
-9.017293944614666878e-03
-8.057648638550581055e-03
-7.066203369916168944e-03
-6.046870933106840255e-03
-5.003674180792312166e-03
-3.940730147502782485e-03
-2.862233801521086966e-03
-1.772441489204939829e-03
-6.756541370771610702e-04
4.237997220222349546e-04
1.521581031733817762e-03
2.613357336508184345e-03
3.694819879884932504e-03
4.761700609241855536e-03
5.809789019904151343e-03
6.834948772137417784e-03
7.833134015444571246e-03
8.800405355741889799e-03
9.732945402398853613e-03
1.062707383378451963e-02
1.147926192186337659e-02
1.228614645851859241e-02
1.304454302864158782e-02
1.375145857760498233e-02
1.440410322352067736e-02
1.499990126766527834e-02
1.553650135961968243e-02
1.601178577700545710e-02
1.642387878319506722e-02
1.677115403001173954e-02
1.705224097620384668e-02
1.726603029636283523e-02
1.741167825893822838e-02
1.748861005607153449e-02
1.749652207210774038e-02
1.743538308183151600e-02
1.730543437369928828e-02
1.710718879758078154e-02
1.684142874076826821e-02
1.650920304024115076e-02
1.611182284337203674e-02
1.565085643340997229e-02
1.512812304016263737e-02
1.454568566030376396e-02
1.390584291564103160e-02
1.321111998147604140e-02
1.246425862085832198e-02
1.166820636406354361e-02
1.082610487599987466e-02
9.941277557451101005e-03
9.017216429088916949e-03
8.057568350017358175e-03
7.066120625238678926e-03
6.046786058841594098e-03
5.003587511900366158e-03
3.940642026027779167e-03
2.862144575239373556e-03
1.772351510253048282e-03
6.755637605620725327e-04
-4.238901394245318788e-04
-1.521671133185970547e-03
-2.613446766419755089e-03
-3.694908285315756484e-03
-4.761787641294938991e-03
-5.809874335102608450e-03
-6.835032033780034759e-03
-7.833214894934600186e-03
-8.800483533883884588e-03
-9.733020570658390547e-03
-1.062714569550584839e-02
-1.147933019344017473e-02
-1.228621087051324709e-02
-1.304460332684854486e-02
-1.375151452405399058e-02
-1.440415459741593331e-02
-1.499994786625682454e-02
-1.553654299900356257e-02
-1.601182229284950354e-02
-1.642391003138744462e-02
-1.677117988722972089e-02
-1.705226134040046387e-02
-1.726604508716964373e-02
-1.741168741798246669e-02
-1.748861354720653710e-02
-1.749651988155555282e-02
-1.743537521823725761e-02
-1.730542086809707530e-02
-1.710716970327123831e-02
-1.684140413310813642e-02
-1.650917301634597517e-02
-1.611178752173278439e-02
-1.565081595342549328e-02
-1.512807756158945048e-02
-1.454563536262561130e-02
-1.390578799736051814e-02
-1.321106065933124428e-02
-1.246419512896740876e-02
-1.166813895300083254e-02
-1.082603381180691215e-02
-9.941203120586708172e-03
-9.017138913322361379e-03
-8.057488061268967133e-03
-7.066037880372498699e-03
-6.046701184414883350e-03
-5.003500842874808278e-03
-3.940553904447551860e-03
-2.862055348881239938e-03
-1.772261531253835429e-03
-6.754733840289521953e-04
4.239805568154988904e-04
1.521761234597476375e-03
2.613536196261522730e-03
3.694996690647895515e-03
4.761874673220845532e-03
5.809959650145903216e-03
6.835115295240109384e-03
7.833295774215431884e-03
8.800561711790845162e-03
9.733095738657989576e-03
1.062721755694335038e-02
1.147939846471038999e-02
1.228627528217977709e-02
1.304466362470713646e-02
1.375157047013575266e-02
1.440420597092652126e-02
1.499999446444779012e-02
1.553658463797253156e-02
1.601185880826594410e-02
1.642394127914123536e-02
1.677120574399983827e-02
1.705228170414170227e-02
1.726605987751536272e-02
1.741169657656174707e-02
1.748861703787452093e-02
1.749651769053611056e-02
1.743536735417737862e-02
1.730540736203270424e-02
1.710715060850481403e-02
1.684137952499825674e-02
1.650914299200989879e-02
1.611175219966325470e-02
1.565077547302302918e-02
1.512803208261224129e-02
1.454558506455898813e-02
1.390573307870862120e-02
1.321100133683362696e-02
1.246413163674363854e-02
1.166807154162652176e-02
1.082596274732482849e-02
9.941128683456829790e-03
9.017061397314991497e-03
8.057407772305378441e-03
7.065955135317595302e-03
6.046616309826673315e-03
5.003414173715615108e-03
3.940465782762078879e-03
2.861966122446659658e-03
1.772171552207281973e-03
6.753830074777821685e-04
-4.240709741951555591e-04
-1.521851335968355846e-03
-2.613625626033508082e-03
-3.695085095881375185e-03
-4.761961705019601178e-03
-5.810044965034056458e-03
-6.835198556517664212e-03
-7.833376653287085420e-03
-8.800639889462804483e-03
-9.733170906397681926e-03
-1.062728941809707763e-02
-1.147946673567407094e-02
-1.228633969351822751e-02
-1.304472392221738344e-02
-1.375162641585029114e-02
-1.440425734405244643e-02
-1.500004106223818377e-02
-1.553662627652659285e-02
-1.601189532325479267e-02
-1.642397252645640821e-02
-1.677123160032203963e-02
