-2.836542805668124112e-02
-2.859823906636613580e-02
-2.871818552056064691e-02
-2.872479404385156615e-02
-2.861803855533082488e-02
-2.839834037152530813e-02
-2.806656654364747538e-02
-2.762402643572914665e-02
-2.707246655714283870e-02
-2.641406366990452226e-02
-2.565141619796014461e-02
-2.478753397235965855e-02
-2.382582635278996525e-02
-2.277008877234547313e-02
-2.162448775863842071e-02
-2.039354449036379427e-02
-1.908211695421390547e-02
-1.769538077256123387e-02
-1.623880877757426233e-02
-1.471814941237821993e-02
-1.313940404450158507e-02
-1.150880328114238689e-02
-9.832782379727213196e-03
-8.117955850806572379e-03
-6.371091353517825857e-03
-4.599082986638550370e-03
-2.808924080638815907e-03
-1.007679598109985841e-03
7.975417485066463395e-04
2.599615551852473873e-03
4.391429826525056375e-03
6.165913076927656382e-03
7.916062205323483661e-03
9.634970149953951679e-03
1.131585314414554344e-02
1.295207748882572230e-02
1.453718573278861906e-02
1.606492215738863222e-02
1.752925746508513655e-02
1.892441257440361305e-02
2.024488142740504815e-02
2.148545271965258269e-02
2.264123046691696173e-02
2.370765332745303905e-02
2.468051260359101912e-02
2.555596885159796411e-02
2.633056703425801226e-02
2.700125015637063614e-02
2.756537132935376125e-02
2.802070421733811670e-02
2.836545182352669808e-02
2.859825358214344859e-02
2.871819072798248440e-02
2.872478992236653442e-02
2.861802512120461064e-02
2.839831767777643151e-02
2.806653467983809963e-02
2.762398552761159004e-02
2.707241676616328752e-02
2.641400519256586685e-02
2.565134926504647819e-02
2.478745884802549537e-02
2.382574333351769255e-02
2.276999818577530102e-02
2.162438996227532967e-02
2.039343987016663945e-02
1.908200592307214907e-02
1.769526376866552286e-02
1.623868626268704790e-02
1.471802187001136457e-02
1.313927197800819104e-02
1.150866721173029496e-02
9.832642844401977972e-03
8.117813400252192266e-03
6.370946549923407753e-03
4.598936401479613093e-03
2.808776292421912880e-03
1.007531190089610163e-03
-7.976901906299127759e-04
-2.599763442243459462e-03
-4.391576581526032523e-03
-6.166058117361775982e-03
-7.916204958780535469e-03
-9.635110053049409165e-03
-1.131598964474398415e-02
-1.295221004821987820e-02
-1.453731382782540160e-02
-1.606504528253378805e-02
-1.752937513441835127e-02
-1.892452432353627922e-02
-2.024498681531294517e-02
-2.148555133041640808e-02
-2.264132191136379244e-02
-2.370773724469223825e-02
-2.468058866243849278e-02
-2.555603675188321267e-02
-2.633062650800875940e-02
-2.700130096887038214e-02
-2.756541328006812189e-02
-2.802073714070624916e-02
-2.836547558961465335e-02
-2.859826809715703202e-02
-2.871819593463739370e-02
-2.872478580011441143e-02
-2.861801168631415357e-02
-2.839829498326918930e-02
-2.806650281527922272e-02
-2.762394461875635962e-02
-2.707236697446078338e-02
-2.641394671452183818e-02
-2.565128233144780764e-02
-2.478738372302938947e-02
-2.382566031360916145e-02
-2.276990759859708752e-02
-2.162429216533481857e-02
-2.039333524942492024e-02
-1.908189489142086276e-02
-1.769514676429730093e-02
-1.623856374736619770e-02
-1.471789432725147465e-02
-1.313913991116392836e-02
-1.150853114201086727e-02
-9.832503308814173268e-03
-8.117670949481037637e-03
-6.370801746158868788e-03
-4.598789816197864332e-03
-2.808628504129999544e-03
-1.007382782042323937e-03
7.978386327318839639e-04
2.599911332565029657e-03
4.391723336409748303e-03
6.166203157631250376e-03
7.916347712026206018e-03
9.635249955887574200e-03
1.131612614504024991e-02
1.295234260726815453e-02
1.453744192247396518e-02
1.606516840724992248e-02
1.752949280328348555e-02
1.892463607216360658e-02
2.024509220268022602e-02
2.148564994060648409e-02
2.264141335520602691e-02
2.370782116129837441e-02
2.468066472062694153e-02
2.555610465148605223e-02
2.633068598105639188e-02
2.700135178064908686e-02
2.756545523004636997e-02
2.802077006332608783e-02
2.836549935494513119e-02
2.859828261140694161e-02
2.871820114052541992e-02
2.872478167709523189e-02
2.861799825065949182e-02
2.839827228800361966e-02
2.806647094997085853e-02
2.762390370916343110e-02
2.707231718203530896e-02
2.641388823577241543e-02
2.565121539716410520e-02
2.478730859737132350e-02
2.382557729306435113e-02
2.276981701081077711e-02
2.162419436781677293e-02
2.039323062813854989e-02
1.908178385925994244e-02
1.769502975945648829e-02
1.623844123161164929e-02
1.471776678409849465e-02
1.313900784396873807e-02
1.150839507198405699e-02
9.832363772963750512e-03
8.117528498493068595e-03
6.370656942224163857e-03
4.598643230793285006e-03
2.808480715763072861e-03
1.007234373968129114e-03
-7.979870748125524223e-04
-2.600059222817169280e-03
-4.391870091176180296e-03
-6.166348197736050939e-03
-7.916490465060462348e-03
-9.635389858468425966e-03
-1.131626264503430603e-02
-1.295247516597053741e-02
-1.453757001673431845e-02
-1.606529153153705286e-02
-1.752961047168044920e-02
-1.892474782028549449e-02
-2.024519758950682480e-02
-2.148574855022276214e-02
-2.264150479844359229e-02
-2.370790507727135732e-02
-2.468074077815624393e-02
-2.555617255040637872e-02
-2.633074545340082298e-02
-2.700140259170667745e-02
-2.756549717928844304e-02
-2.802080298519759802e-02
-2.836552311951806571e-02
-2.859829712489307327e-02
-2.871820634564646590e-02
-2.872477755330889171e-02
-2.861798481424051091e-02
-2.839824959197958382e-02
-2.806643908391292033e-02
-2.762386279883276979e-02
-2.707226738888683301e-02
-2.641382975631758473e-02
-2.565114846219535699e-02
-2.478723347105126276e-02
-2.382549427188324076e-02
-2.276972642241633163e-02
-2.162409656972119967e-02
-2.039312600630752842e-02
-1.908167282658940200e-02
-1.769491275414309187e-02
-1.623831871542344429e-02
-1.471763924055248009e-02
-1.313887577642266873e-02
-1.150825900164992484e-02
-9.832224236850761745e-03
-8.117386047288318099e-03
-6.370512138119333728e-03
-4.598496645265902870e-03
-2.808332927321144108e-03
-1.007085965867036753e-03
7.981355168719088270e-04
2.600207112999871392e-03
4.392016845825318962e-03
6.166493237676172467e-03
7.916633217883300988e-03
9.635529760791948853e-03
1.131639914472615249e-02
1.295260772432700429e-02
1.453769811060641112e-02
1.606541465539511326e-02
1.752972813960926995e-02
1.892485956790199153e-02
2.024530297579273802e-02
2.148584715926521796e-02
2.264159624107646082e-02
2.370798899261115575e-02
2.468081683502637916e-02
2.555624044864412969e-02
2.633080492504200065e-02
2.700145340204313307e-02
2.756553912779430640e-02
2.802083590632074503e-02
2.836554688333343954e-02
2.859831163761545128e-02
2.871821155000056636e-02
2.872477342875543252e-02
2.861797137705727676e-02
2.839822689519716850e-02
2.806640721710545669e-02
2.762382188776437916e-02
2.707221759501536595e-02
2.641377127615733567e-02
2.565108152654158036e-02
2.478715834406926277e-02
2.382541125006586505e-02
2.276963583341385169e-02
2.162399877104820289e-02
2.039302138393193908e-02
1.908156179340931083e-02
1.769479574835717411e-02
1.623819619880159659e-02
1.471751169661344311e-02
1.313874370852574636e-02
1.150812293100848295e-02
9.832084700475224315e-03
8.117243595866824313e-03
6.370367333844413095e-03
4.598350059615752619e-03
2.808185138804261422e-03
1.006937557739095643e-03
-7.982839589099025458e-04
-2.600355003113083516e-03
-4.392163600357119196e-03
-6.166638277451560318e-03
-7.916775970494666428e-03
-9.635669662858104695e-03
-1.131653564411573033e-02
-1.295274028233751006e-02
-1.453782620409022064e-02
-1.606553777882410716e-02
-1.752984580706993395e-02
-1.892497131501306995e-02
-2.024540836153800386e-02
-2.148594576773389664e-02
-2.264168768310470189e-02
-2.370807290731786338e-02
-2.468089289123745478e-02
-2.555630834619947861e-02
-2.633086439598011225e-02
-2.700150421165857864e-02
-2.756558107556410925e-02
-2.802086882669566764e-02
