-3.890929192069554621e-02
-4.166969044612004597e-02
-4.426563719957673365e-02
-4.668688713151113168e-02
-4.892388464317937863e-02
-5.096780129835499357e-02
-5.281057066524789262e-02
-5.444492015113011618e-02
-5.586439970403126593e-02
-5.706340726823058013e-02
-5.803721089308419567e-02
-5.878196740793401043e-02
-5.929473758939630273e-02
-5.957349776117175366e-02
-5.961714778059768599e-02
-5.942551538042264297e-02
-5.899935684866887409e-02
-5.834035404389916607e-02
-5.745110775766774924e-02
-5.633512745035019337e-02
-5.499681740086138221e-02
-5.344145932492137124e-02
-5.167519153046803287e-02
-4.970498469248012946e-02
-4.753861434281748261e-02
-4.518463018364790584e-02
-4.265232234556787239e-02
-3.995168472358072431e-02
-3.709337553562917084e-02
-3.408867525933993031e-02
-3.094944211298574985e-02
-2.768806525636147847e-02
-2.431741589626956399e-02
-2.085079648958011039e-02
-1.730188824433818648e-02
-1.368469712610852727e-02
-1.001349858264635045e-02
-6.302781205041575220e-03
-2.567189547680997011e-03
1.178533667307524180e-03
4.919605733035337797e-03
8.641262298635384032e-03
1.232881563760151143e-02
1.596771261372544395e-02
1.954359211586561076e-02
2.304234173487823903e-02
2.645015345903204557e-02
2.975357816810152503e-02
3.293957871107468932e-02
3.599558135800123848e-02
3.890952542292343969e-02
4.166991086205024813e-02
4.426584365932537124e-02
4.668707882027327283e-02
4.892406080444455102e-02
5.096796123689289332e-02
5.281071374985208539e-02
5.444504581710918334e-02
5.586450745543735524e-02
5.706349667981673590e-02
5.803728161198257879e-02
5.878201915504851355e-02
5.929477016050398175e-02
5.957351102772893980e-02
5.961714169024715654e-02
5.942548995720031008e-02
5.899931219290893009e-02
5.834029033183811552e-02
5.745102524074875011e-02
5.633502645423092009e-02
5.499669832412865111e-02
5.344132263751821127e-02
5.167503777183894698e-02
4.970481446944221421e-02
4.753842832716548977e-02
4.518442910950303676e-02
4.265210700648053299e-02
3.995145596939871785e-02
3.709313426914370021e-02
3.408842243272274669e-02
3.094917872403128364e-02
2.768779234454901012e-02
2.431713453866087699e-02
2.085050779656878739e-02
1.730159335526741324e-02
1.368439720477456802e-02
1.001319481270557081e-02
6.302474785339100792e-03
2.566881687519379559e-03
-1.178841752940878616e-03
-4.919912828263186579e-03
-8.641567191489171046e-03
-1.232911712480447980e-02
-1.596800950544143699e-02
-1.954388324039479929e-02
-2.304262594328132518e-02
-2.645042962966461658e-02
-2.975384521104068244e-02
-3.293983557242048665e-02
-3.599582702403594792e-02
-3.890975892411230319e-02
-4.167013127686768764e-02
-4.426605011789197519e-02
-4.668727050778866822e-02
-4.892423696440323377e-02
-5.096812117406967352e-02
-5.281085683304592715e-02
-5.444517148163426079e-02
-5.586461520535156849e-02
-5.706358608987898567e-02
-5.803735232933103505e-02
-5.878207090059317519e-02
-5.929480273002817742e-02
-5.957352429269522492e-02
-5.961713559830458808e-02
-5.942546453239110765e-02
-5.899926753557351716e-02
-5.834022661821915146e-02
-5.745094272229558929e-02
-5.633492545660728074e-02
-5.499657924592735864e-02
-5.344118594868805389e-02
-5.167488401183002039e-02
-4.970464424507704815e-02
-4.753824231024408181e-02
-4.518422803415161892e-02
-4.265189166625427131e-02
-3.995122721414989114e-02
-3.709289300166775799e-02
-3.408816960519531203e-02
-3.094891533425036742e-02
-2.768751943199718180e-02
-2.431685318040283789e-02
-2.085021910300067713e-02
-1.730129846573459640e-02
-1.368409728307515283e-02
-1.001289104249737140e-02
-6.302168365468295737e-03
-2.566573827289184151e-03
1.179149838542785551e-03
4.920219923359685568e-03
8.641872084112231164e-03
1.232941861167824969e-02
1.596830639673104887e-02
1.954417436440213096e-02
2.304291015106912921e-02
2.645070579959090881e-02
2.975411225318535732e-02
3.294009243288673061e-02
3.599607268910953728e-02
3.890999242426221305e-02
4.167035169057248939e-02
4.426625657527662183e-02
4.668746219405747744e-02
4.892441312305557261e-02
5.096828110988554233e-02
5.281099991482963302e-02
5.444529714470549425e-02
5.586472295377403752e-02
5.706367549841742659e-02
5.803742304512966160e-02
5.878212264456812719e-02
5.929483529796897301e-02
5.957353755607062984e-02
5.961712950476998063e-02
5.942543910599493856e-02
5.899922287666248266e-02
5.834016290304212815e-02
5.745086020230811413e-02
5.633482445747914347e-02
5.499646016625722722e-02
5.344104925843057297e-02
5.167473025044096169e-02
4.970447401938433291e-02
4.753805629205299504e-02
4.518402695759338866e-02
4.265167632488882365e-02
3.995099845783402215e-02
3.709265173320110826e-02
3.408791677675739734e-02
3.094865194364284852e-02
2.768724651870583045e-02
2.431657182149528709e-02
2.084993040887564777e-02
1.730100357573965963e-02
1.368379736101021059e-02
1.001258727202169671e-02
6.301861945429112349e-03
2.566265966990379562e-03
-1.179457924113265803e-03
-4.920527018324843439e-03
-8.642176976504550509e-03
-1.232972009822279683e-02
-1.596860328759424838e-02
-1.954446548788751903e-02
-2.304319435824155049e-02
-2.645098196881081123e-02
-2.975437929453539701e-02
-3.294034929247325466e-02
-3.599631835322175677e-02
-3.891022592337291947e-02
-4.167057210316430643e-02
-4.426646303147889483e-02
-4.668765387907925640e-02
-4.892458928040114424e-02
-5.096844104434006262e-02
-5.281114299520282135e-02
-5.444542280632259229e-02
-5.586483070070438067e-02
-5.706376490543179497e-02
-5.803749375937822946e-02
-5.878217438697315445e-02
-5.929486786432611872e-02
-5.957355081785496720e-02
-5.961712340964310519e-02
-5.942541367801160851e-02
-5.899917821617566005e-02
-5.834009918630695540e-02
-5.745077768078627606e-02
-5.633472345684642502e-02
-5.499634108511832625e-02
-5.344091256674584484e-02
-5.167457648767186107e-02
-4.970430379236427665e-02
-4.753787027259243070e-02
-4.518382587982855414e-02
-4.265146098238437739e-02
-3.995076970045125658e-02
-3.709241046374384815e-02
-3.408766394740914141e-02
-3.094838855220877899e-02
-2.768697360467505669e-02
-2.431629046193835644e-02
-2.084964171419383117e-02
-1.730070868528273131e-02
-1.368349743857989742e-02
-1.001228350127870287e-02
-6.301555525221724102e-03
-2.565958106623141867e-03
1.179766009652138091e-03
4.920834113158484117e-03
8.642481868665967751e-03
1.233002158443795987e-02
1.596890017803089326e-02
1.954475661085087676e-02
2.304347856479850229e-02
2.645125813732423364e-02
2.975464633509074600e-02
3.294060615117998941e-02
3.599656401637257169e-02
3.891045942144439468e-02
4.167079251464324285e-02
4.426666948649898153e-02
4.668784556285415083e-02
4.892476543644009440e-02
5.096860097743337314e-02
5.281128607416555459e-02
5.444554846648561042e-02
5.586493844614279919e-02
5.706385431092216715e-02
5.803756447207678720e-02
5.878222612780827083e-02
5.929490042909969089e-02
5.957356407804826476e-02
5.961711731292405891e-02
5.942538824844127016e-02
5.899913355411323668e-02
5.834003546801379281e-02
5.745069515773017221e-02
5.633462245470925722e-02
5.499622200251070431e-02
5.344077587363397358e-02
5.167442272352277405e-02
4.970413356401680305e-02
4.753768425186229163e-02
4.518362480085702515e-02
4.265124563874090474e-02
3.995054094200160832e-02
3.709216919329608175e-02
3.408741111715059280e-02
3.094812515994829760e-02
2.768670068990496461e-02
2.431600910173208063e-02
2.084935301895524465e-02
1.730041379436378021e-02
1.368319751578416649e-02
1.001197973026832742e-02
6.301249104846051198e-03
2.565650246187376523e-03
-1.180074095159508668e-03
-4.921141207860712553e-03
-8.642786760596576565e-03
-1.233032307032383944e-02
-1.596919706804107372e-02
-1.954504773329227008e-02
-2.304376277074004012e-02
-2.645153430513121767e-02
-2.975491337485144244e-02
-3.294086300900699038e-02
-3.599680967856203062e-02
