3.547889402651617508e-02
3.800074699035174003e-02
4.037262787347929011e-02
4.258517591487681608e-02
4.462965916952438272e-02
4.649800896951532952e-02
4.818285176750683463e-02
4.967753823683842412e-02
5.097616951347283543e-02
5.207362047619385620e-02
5.296555997318509040e-02
5.364846791516345720e-02
5.411964916760915456e-02
5.437724418726539583e-02
5.442023636093014372e-02
5.424845601757714852e-02
5.386258109797232435e-02
5.326413447914222360e-02
5.245547796425464177e-02
5.143980296162967147e-02
5.022111788966776569e-02
4.880423235740150717e-02
4.719473818310367802e-02
4.539898732586254704e-02
4.342406681721890788e-02
4.127777079179825032e-02
3.896856972732121172e-02
3.650557701538773708e-02
3.389851299496565024e-02
3.115766659052741222e-02
2.829385470623231591e-02
2.531837953640702840e-02
2.224298396080144277e-02
1.907980520065468213e-02
1.584132691847029220e-02
1.254032995054159272e-02
9.189841866663897574e-03
5.803085556099206975e-03
2.393427042701609664e-03
-1.025677264845979578e-03
-4.440733679503912866e-03
-7.838264489469009763e-03
-1.120486114872059659e-02
-1.452723719459990404e-02
-1.779228068358063020e-02
-2.098710593828991694e-02
-2.409910440155733913e-02
-2.711599439679335949e-02
-3.002586959831527597e-02
-3.281724602032975308e-02
-3.547910733912729847e-02
-3.800094836962202016e-02
-4.037281652465411763e-02
-4.258535109343374730e-02
-4.462982018411142116e-02
-4.649815518467933367e-02
-4.818298260620147710e-02
-4.967765318270145336e-02
-5.097626811286393167e-02
-5.207370233998504655e-02
-5.296562477829628440e-02
-5.364851540583764206e-02
-5.411967915642172666e-02
-5.437725655586384682e-02
-5.442023106050108278e-02
-5.424843306903903706e-02
-5.386254059189283377e-02
-5.326407657538087537e-02
-5.245540289133187456e-02
-5.143971101582500011e-02
-5.022100943385048033e-02
-4.880410781959856198e-02
-4.719459805481051456e-02
-4.539883216010331263e-02
-4.342389722636397220e-02
-4.127758744514747891e-02
-3.896837334846244005e-02
-3.650536837934115209e-02
-3.389829292512513276e-02
-3.115743595541092120e-02
-2.829361441605428990e-02
-2.531813053948612710e-02
-2.224272723981799912e-02
-1.907954176877245389e-02
-1.584105781533800064e-02
-1.254005623818984366e-02
-9.189564625313848337e-03
-5.802805879899406230e-03
-2.393146035409880398e-03
1.025958494218590089e-03
4.441014021069901972e-03
7.838542836844654763e-03
1.120513640339235346e-02
1.452750827025977090e-02
1.779254651041329086e-02
2.098736546719487395e-02
2.409935660828919218e-02
2.711623828600407890e-02
3.002610420748240763e-02
3.281747042355507432e-02
3.547932065079088815e-02
3.800114974787738298e-02
4.037300517475067574e-02
4.258552627085331749e-02
4.462998119750649639e-02
4.649830139860153255e-02
4.818311344360933640e-02
4.967776812723781465e-02
5.097636671089368632e-02
5.207378420238554378e-02
5.296568958199298488e-02
5.364856289507911186e-02
5.411970914378903819e-02
5.437726892301013304e-02
5.442022575861870520e-02
5.424841011905216781e-02
5.386250008437488274e-02
5.326401867019709552e-02
5.245532781700826264e-02
5.143961906864658734e-02
5.022090097669199699e-02
4.880398328049229129e-02
4.719445792525699818e-02
4.539867699313172161e-02
4.342372763434945021e-02
4.127740409739441563e-02
3.896817696856306329e-02
3.650515974231974964e-02
3.389807285437938800e-02
3.115720531946241864e-02
2.829337412512071895e-02
2.531788154188915896e-02
2.224247051824060697e-02
1.907927833638076165e-02
1.584078871178272452e-02
1.253978252550326349e-02
9.189287383718445015e-03
5.802526203544695546e-03
2.392865028054288155e-03
-1.026239723563762696e-03
-4.441294362517260279e-03
-7.838821184010941190e-03
-1.120541165776485493e-02
-1.452777934553166166e-02
-1.779281233677079341e-02
-2.098762499553933486e-02
-2.409960881437745589e-02
-2.711648217449067269e-02
-3.002633881584771888e-02
-3.281769482590400633e-02
-3.547953396150699268e-02
-3.800135112511792562e-02
-4.037319382376911014e-02
-4.258570144713567235e-02
-4.463014220970973334e-02
-4.649844761128196780e-02
-4.818324427973044721e-02
-4.967788307044748719e-02
-5.097646530756209937e-02
-5.207386606339540341e-02
-5.296575438427521959e-02
-5.364861038288789435e-02
-5.411973912971104056e-02
-5.437728128870423366e-02
-5.442022045528302487e-02
-5.424838716761663793e-02
-5.386245957541859614e-02
-5.326396076359090487e-02
-5.245525274128387538e-02
-5.143952712009456502e-02
-5.022079251819242668e-02
-4.880385874008275060e-02
-4.719431779444319131e-02
-4.539852182494776706e-02
-4.342355804117532109e-02
-4.127722074853907436e-02
-3.896798058762306755e-02
-3.650495110432348811e-02
-3.389785278272842983e-02
-3.115697468268187331e-02
-2.829313383343159266e-02
-2.531763254361608234e-02
-2.224221379606925592e-02
-1.907901490347958459e-02
-1.584051960780444648e-02
-1.253950881248185566e-02
-9.189010141877696283e-03
-5.802246527035089668e-03
-2.392584020634871099e-03
1.026520952881442537e-03
4.441574703845917529e-03
7.839099530967792717e-03
1.120568691183802118e-02
1.452805042041548089e-02
1.779307816265303030e-02
2.098788452332324417e-02
2.409986101982205392e-02
2.711672606225300902e-02
3.002657342341106400e-02
3.281791922737643113e-02
3.547974727127546635e-02
3.800155250134355095e-02
4.037338247170924738e-02
4.258587662228068699e-02
4.463030322072109035e-02
4.649859382272066716e-02
4.818337511456477484e-02
4.967799801233042933e-02
5.097656390286912226e-02
5.207394792301458381e-02
5.296581918514296772e-02
5.364865786926392710e-02
5.411976911418771991e-02
5.437729365294616257e-02
5.442021515049400016e-02
5.424836421473230169e-02
5.386241906502380744e-02
5.326390285556219933e-02
5.245517766415857402e-02
5.143943517016873190e-02
5.022068405835160981e-02
4.880373419836976645e-02
4.719417766236894130e-02
4.539836665555132406e-02
4.342338844684143218e-02
4.127703739858130938e-02
3.896778420564231404e-02
3.650474246535224260e-02
3.389763271017211255e-02
3.115674404506917766e-02
2.829289354098680001e-02
2.531738354466681398e-02
2.224195707330382452e-02
1.907875147006879435e-02
1.584025050340304164e-02
1.253923509912546058e-02
9.188732899791447750e-03
5.801966850370432471e-03
2.392303013151455323e-03
-1.026802182171811326e-03
-4.441855045056062809e-03
-7.839377877715391491e-03
-1.120596216561200488e-02
-1.452832149491138473e-02
-1.779334398806014378e-02
-2.098814405054666779e-02
-2.410011322462303832e-02
-2.711696994929115034e-02
-3.002680803017249156e-02
-3.281814362797240425e-02
-3.547996058009644099e-02
-3.800175387655427284e-02
-4.037357111857115682e-02
-4.258605179628834059e-02
-4.463046423054044948e-02
-4.649874003291744329e-02
-4.818350594811222215e-02
-4.967811295288662027e-02
-5.097666249681469253e-02
-5.207402978124300169e-02
-5.296588398459614599e-02
-5.364870535420718928e-02
-5.411979909721906928e-02
-5.437730601573587119e-02
-5.442020984425163105e-02
-5.424834126039924931e-02
-5.386237855319064849e-02
-5.326384494611114545e-02
-5.245510258563249734e-02
-5.143934321886927535e-02
-5.022057559716973374e-02
-4.880360965535364415e-02
-4.719403752903451876e-02
-4.539821148494268405e-02
-4.342321885134806797e-02
-4.127685404752137743e-02
-3.896758782262103871e-02
-3.650453382540625596e-02
-3.389741263671067900e-02
-3.115651340662456067e-02
-2.829265324778655957e-02
-2.531713454504155858e-02
-2.224170034994454870e-02
-1.907848803614864419e-02
-1.583998139857877366e-02
-1.253896138543435235e-02
-9.188455657459940543e-03
-5.801687173550949470e-03
-2.392022005604264173e-03
1.027083411434655475e-03
4.442135386147488818e-03
7.839656224253550160e-03
1.120623741908666725e-02
1.452859256901925869e-02
1.779360981299206446e-02
2.098840357720961267e-02
2.410036542878046112e-02
2.711721383560519033e-02
3.002704263613211952e-02
3.281836802769206446e-02
