-1.181351534579325180e-02
-1.264327851361217794e-02
-1.342314427320017919e-02
-1.415003484056875233e-02
-1.482108150129859275e-02
-1.543363593208208102e-02
-1.598528065247980384e-02
-1.647383856564284960e-02
-1.689738155034765585e-02
-1.725423807043464236e-02
-1.754299977161946633e-02
-1.776252703964227228e-02
-1.791195349781932872e-02
-1.799068942624718059e-02
-1.799842408916539627e-02
-1.793512696129269043e-02
-1.780104784829661738e-02
-1.759671590092152377e-02
-1.732293752666542661e-02
-1.698079320724753954e-02
-1.657163323442658112e-02
-1.609707238099849363e-02
-1.555898352800506867e-02
-1.495949027330370842e-02
-1.430095855066938065e-02
-1.358598729250413799e-02
-1.281739817300456448e-02
-1.199822447226618453e-02
-1.113169910527333530e-02
-1.022124186301873877e-02
-9.270445916106413373e-03
-8.283063634102236228e-03
-7.262991776596850954e-03
-6.214256114425257063e-03
-5.140995541736256315e-03
-4.047445741614421125e-03
-2.937922469719073029e-03
-1.816804521912365744e-03
-6.885164530956664744e-04
4.424888845446872752e-04
1.571747914968443533e-03
2.694803954034787757e-03
3.807224798056429646e-03
4.904620215740200170e-03
5.982659274481235898e-03
7.037087432631582498e-03
8.063743330287576755e-03
9.058575212330251605e-03
1.001765691890431874e-02
1.093720338022837260e-02
1.181358555458522294e-02
1.264334475053869276e-02
1.342320627685349675e-02
1.415009236624796725e-02
1.482113432197539223e-02
1.543368383929668956e-02
1.598532345716372621e-02
1.647387609886500140e-02
1.689741366398105765e-02
1.725426463774103539e-02
1.754302068774948875e-02
1.776254222204923239e-02
1.791196288658500335e-02
1.799069298431827182e-02
1.799842180249978593e-02
1.793511883891482292e-02
1.780103392226193432e-02
1.759669622618990209e-02
1.732291218088428258e-02
1.698076229044542806e-02
1.657159686861840037e-02
1.609703070970396402e-02
1.555893671568226583e-02
1.495943850470010314e-02
1.430090203009266349e-02
1.358592624301594234e-02
1.281733283554012566e-02
1.199815510468347710e-02
1.113162598133541140e-02
1.022116527131331984e-02
9.270366158906966081e-03
8.282981026175023978e-03
7.262906643958694924e-03
6.214168793056890940e-03
5.140906376256362646e-03
4.047355083919572556e-03
2.937830677594946514e-03
1.816711957621732279e-03
6.884234819486935919e-04
-4.425818956321504716e-04
-1.571840598922920502e-03
-2.694895945073850444e-03
-3.807315733132278762e-03
-4.904709735972453272e-03
-5.982747026573275763e-03
-7.037173070264851962e-03
-8.063826515488351290e-03
-9.058655616803469937e-03
-1.001773422532920704e-02
-1.093727728351079169e-02
-1.181365576306171901e-02
-1.264341098712757488e-02
-1.342326828014834585e-02
-1.415014989154930736e-02
-1.482118714225638505e-02
-1.543373174609913821e-02
-1.598536626142074007e-02
-1.647391363164717876e-02
-1.689744577716317808e-02
-1.725429120458661647e-02
-1.754304160341097971e-02
-1.776255740398180807e-02
-1.791197227487230370e-02
-1.799069654190890710e-02
-1.799841951535352882e-02
-1.793511071605803642e-02
-1.780101999575189886e-02
-1.759667655098838199e-02
-1.732288683464057108e-02
-1.698073137318989456e-02
-1.657156050236772288e-02
-1.609698903797958033e-02
-1.555888990294398977e-02
-1.495938673569703094e-02
-1.430084550913407644e-02
-1.358586519316497959e-02
-1.281726749773344151e-02
-1.199808573678038531e-02
-1.113155285710024610e-02
-1.022108867933496992e-02
-9.270286401459972014e-03
-8.282898418026625811e-03
-7.262821511126590739e-03
-6.214081471522579433e-03
-5.140817210639181227e-03
-4.047264426116631633e-03
-2.937738885392358890e-03
-1.816619393282576864e-03
-6.883305107833288458e-04
4.426749067078021528e-04
1.571933282835428656e-03
2.694987936040954199e-03
3.807406668106464841e-03
4.904799256073742557e-03
5.982834778505561474e-03
7.037258707710207506e-03
8.063909700473791131e-03
9.058736021034775876e-03
1.001781153148657497e-02
1.093735118650113539e-02
1.181372597122273653e-02
1.264347722337881910e-02
1.342333028308474036e-02
1.415020741647277265e-02
1.482123996214159030e-02
1.543377965248944085e-02
1.598540906525088359e-02
1.647395116398942330e-02
1.689747788989403102e-02
1.725431777097140296e-02
1.754306251860397042e-02
1.776257258544003056e-02
1.791198166268127834e-02
1.799070009901911418e-02
1.799841722772662495e-02
1.793510259272225807e-02
1.780100606876646244e-02
1.759665687531690448e-02
1.732286148793420535e-02
1.698070045548084189e-02
1.657152413567444457e-02
1.609694736582528013e-02
1.555884308979016938e-02
1.495933496629442416e-02
1.430078898779353624e-02
1.358580414295114565e-02
1.281720215958441662e-02
1.199801636855683633e-02
1.113147973256775787e-02
1.022101208708362310e-02
9.270206643765380866e-03
8.282815809657012238e-03
7.262736378100520182e-03
6.213994149822315606e-03
5.140728044884711190e-03
4.047173768205609631e-03
2.937647093111318830e-03
1.816526828894909473e-03
6.882375395995834035e-04
-4.427679177716315850e-04
-1.572025966705958887e-03
-2.695079926936088614e-03
-3.807497602978970538e-03
-4.904888776044042005e-03
-5.982922530278067010e-03
-7.037344344967630047e-03
-8.063992885243887604e-03
-9.058816425024183300e-03
-1.001788883737643986e-02
-1.093742508919941410e-02
-1.181379617906828591e-02
-1.264354345929244103e-02
-1.342339228566267507e-02
-1.415026494101837007e-02
-1.482129278163100278e-02
-1.543382755846759054e-02
-1.598545186865414636e-02
-1.647398869589177667e-02
-1.689751000217372054e-02
-1.725434433689549546e-02
-1.754308343332854417e-02
-1.776258776642395884e-02
-1.791199105001194114e-02
-1.799070365564889654e-02
-1.799841493961908470e-02
-1.793509446890754686e-02
-1.780099214130565280e-02
-1.759663719917552854e-02
-1.732283614076525133e-02
-1.698066953731833598e-02
-1.657148776853865219e-02
-1.609690569324114667e-02
-1.555879627622087751e-02
-1.495928319649235567e-02
-1.430073246607112269e-02
-1.358574309237453072e-02
-1.281713682109313253e-02
-1.199794700001290647e-02
-1.113140660773802824e-02
-1.022093549455934183e-02
-9.270126885823242943e-03
-8.282733201066207543e-03
-7.262651244880488459e-03
-6.213906827956091651e-03
-5.140638878992944728e-03
-4.047083110186494408e-03
-2.937555300751816794e-03
-1.816434264458717095e-03
-6.881445683974441460e-04
4.428609288236505862e-04
1.572118650534520302e-03
2.695171917759261494e-03
3.807588537749809730e-03
4.904978295883370698e-03
5.983010281890814054e-03
7.037429982037128259e-03
8.064076069798637239e-03
9.058896828771671392e-03
1.001796614299875661e-02
1.093749899160558967e-02
1.181386638659832553e-02
1.264360969486838515e-02
1.342345428788211184e-02
1.415032246518606318e-02
1.482134560072459646e-02
1.543387546403355778e-02
1.598549467163047980e-02
1.647402622735412436e-02
1.689754211400205930e-02
1.725437090235868928e-02
1.754310434758452053e-02
1.776260294693341249e-02
1.791200043686416374e-02
1.799070721179813273e-02
1.799841265103080748e-02
1.793508634461380563e-02
1.780097821336943525e-02
1.759661752256417785e-02
1.732281079313363614e-02
1.698063861870230395e-02
1.657145140096025898e-02
1.609686402022706894e-02
1.555874946223602395e-02
1.495923142629074221e-02
1.430067594396674906e-02
1.358568204143506021e-02
1.281707148225951637e-02
1.199787763114852461e-02
1.113133348261099997e-02
1.022085890176207927e-02
9.270047127633520082e-03
8.282650592254197849e-03
7.262566111466503375e-03
6.213819505923928385e-03
5.140549712963902659e-03
4.046992452059313718e-03
2.937463508313881404e-03
1.816341699974034427e-03
6.880515971769489121e-04
-4.429539398638182275e-04
-1.572211334321070835e-03
-2.695263908510429473e-03
-3.807679472418931243e-03
-4.905067815591670523e-03
-5.983098033343741025e-03
-7.037515618918649234e-03
-8.064159254137994934e-03
-9.058977232277198519e-03
-1.001804344835350961e-02
-1.093757289371964994e-02
